797 0.005554
464 0.006678
608 0.002563
729 0.00361
774 0.004463
872 0.006129
804 0.005777
719 0.005258
646 0.004417
671 0.004756
605 0.0046
657 0.005289
605 0.004893
564 0.00716
657 0.005193
611 0.005278
577 0.004662
543 0.01079
495 0.004557
449 0.003899
585 0.004347
619 0.004823
766 0.005775
785 0.005811
732 0.008392
681 0.005001
633 0.004941
576 0.004389
553 0.004165
524 0.004128
622 0.00485
525 0.004172
579 0.004623
609 0.004659
599 0.004565
594 0.00434
566 0.004449
557 0.00612
547 0.004118
512 0.005707
585 0.004941
497 0.004159
439 0.006066
422 0.003918
550 0.004555
583 0.005244
557 0.004455
545 0.003959
511 0.006368
533 0.004511
529 0.003966
538 0.006289
514 0.004292
469 0.004022
406 0.005745
523 0.006492
474 0.003983
454 0.004152
450 0.003734
594 0.007497
671 0.005294
692 0.005388
685 0.004935
653 0.003584
619 0.004637
605 0.004321
639 0.00463
707 0.004578
725 0.004615
685 0.004557
663 0.004395
694 0.004558
719 0.00467
713 0.004503
676 0.004448
797 0.007701
710 0.005385
698 0.004997
882 0.006004
870 0.006031
778 0.005353
752 0.005285
766 0.005517
818 0.005318
839 0.005251
810 0.005835
811 0.005546
778 0.006065
724 0.004683
861 0.006186
955 0.007385
869 0.006278
820 0.007356
732 0.005264
616 0.004417
549 0.006832
567 0.004593
583 0.00688
567 0.005122
696 0.005455
675 0.005395
611 0.004679
689 0.00488
707 0.005078
704 0.005581
683 0.005605
782 0.00888
691 0.005259
638 0.005174
626 0.004934
648 0.005047
626 0.004863
577 0.004647
662 0.005075
587 0.00453
575 0.004361
593 0.004347
611 0.006527
611 0.004314
737 0.007099
674 0.005121
604 0.004621
565 0.007004
515 0.004912
615 0.004835
541 0.007352
502 0.004033
496 0.004164
551 0.0054
591 0.004634
627 0.005017
599 0.00473
569 0.00445
544 0.004665
538 0.00433
500 0.004195
482 0.003897
632 0.0073
622 0.004818
778 0.008307
810 0.005394
730 0.004839
771 0.008005
698 0.005085
652 0.007756
554 0.004786
623 0.005585
655 0.005283
717 0.005338
796 0.005897
807 0.005399
787 0.008262
727 0.005105
689 0.007519
690 0.004579
747 0.005084
955 0.009231
945 0.008384
889 0.008532
873 0.006268
817 0.005756
728 0.00531
674 0.004697
844 0.005818
861 0.006422
837 0.008649
766 0.008133
702 0.004714
665 0.004836
648 0.005525
603 0.004962
562 0.003955
527 0.00361
530 0.007006
607 0.006012
531 0.007128
434 0.004638
496 0.004915
579 0.00477
585 0.004732
564 0.00483
588 0.008108
669 0.005123
689 0.004753
695 0.004675
701 0.004853
699 0.004848
685 0.007469
736 0.007628
924 0.006763
851 0.005622
758 0.008101
671 0.005024
675 0.007936
642 0.004841
659 0.004875
651 0.006764
634 0.004871
759 0.005754
710 0.00509
715 0.004737
683 0.004661
709 0.005123
698 0.004858
735 0.005347
737 0.005477
719 0.005187
703 0.005344
798 0.005808
736 0.007996
738 0.005584
749 0.00831
751 0.007958
919 0.009285
903 0.009476
1049 0.01064
1075 0.01169
1062 0.007624
999 0.007357
1101 0.008281
1005 0.007775
933 0.006427
829 0.005866
872 0.006006
831 0.00709
802 0.004739
802 0.004854
1005 0.00608
952 0.005529
1010 0.006516
994 0.006322
1087 0.006364
977 0.008546
964 0.006459
922 0.004919
1036 0.008754
1138 0.01011
1060 0.009226
952 0.006169
829 0.005239
962 0.006019
956 0.005946
863 0.005336
876 0.005168
879 0.008749
833 0.007907
930 0.006184
1006 0.0065
1053 0.00638
1051 0.006558
1023 0.007081
881 0.005582
791 0.004811
910 0.005779
836 0.007393
731 0.005192
692 0.004434
820 0.005699
916 0.009415
859 0.009158
780 0.005887
738 0.005598
726 0.005324
824 0.009221
752 0.005983
719 0.005271
749 0.005273
734 0.005498
691 0.004582
637 0.007213
753 0.005686
691 0.005032
647 0.00491
637 0.005081
609 0.005684
732 0.00576
689 0.005403
638 0.004846
597 0.004428
551 0.004365
653 0.005106
604 0.004722
616 0.007635
637 0.005064
674 0.00498
624 0.004914
730 0.005088
655 0.005017
604 0.004789
564 0.004606
687 0.005195
735 0.005626
713 0.005415
682 0.005156
639 0.005126
569 0.004564
498 0.004628
430 0.004401
409 0.00397
400 0.003995
414 0.003813
466 0.003705
630 0.004683
672 0.005028
624 0.004899
575 0.004369
561 0.004743
544 0.007297
484 0.004163
446 0.005735
448 0.004128
523 0.004186
706 0.005113
683 0.007755
625 0.004868
726 0.005722
613 0.007412
511 0.004237
483 0.003995
505 0.004496
537 0.004433
528 0.004186
512 0.003841
506 0.004193
611 0.007478
596 0.004425
583 0.004588
571 0.006788
603 0.00448
650 0.004867
664 0.004433
636 0.004444
616 0.004229
744 0.00744
701 0.005247
635 0.004531
611 0.007413
596 0.004416
607 0.004379
661 0.007024
698 0.004346
725 0.004632
782 0.006017
844 0.005977
847 0.008115
825 0.00499
790 0.004748
767 0.004282
754 0.004466
782 0.004613
815 0.005428
794 0.005089
810 0.007954
1014 0.006502
1168 0.00744
1130 0.007209
1144 0.007329
1115 0.006911
1038 0.009659
967 0.00626
883 0.005694
1007 0.008979
885 0.00625
826 0.005387
918 0.008848
937 0.0077
1017 0.007638
946 0.006775
889 0.00644
812 0.006309
720 0.005797
685 0.00528
807 0.008733
711 0.005515
686 0.007691
670 0.004923
780 0.00577
737 0.005605
736 0.005304
886 0.006878
804 0.006014
728 0.008465
680 0.006545
629 0.004713
575 0.004682
525 0.004491
527 0.004211
534 0.004341
649 0.005065
710 0.005574
658 0.00568
588 0.005091
546 0.004885
592 0.004892
576 0.004686
555 0.004897
589 0.007931
685 0.004963
646 0.005271
590 0.0047
555 0.004718
503 0.004505
492 0.004224
609 0.00444
738 0.00566
778 0.005683
756 0.005158
682 0.004912
594 0.004677
560 0.004835
558 0.004268
566 0.004327
657 0.005303
645 0.005031
624 0.005035
673 0.004919
700 0.005847
690 0.00481
629 0.00472
567 0.004555
535 0.004255
526 0.004152
521 0.003932
518 0.004235
542 0.004071
570 0.004437
584 0.003975
703 0.004963
819 0.005838
792 0.00536
782 0.00854
758 0.008384
697 0.004843
674 0.007816
698 0.00743
669 0.004618
670 0.004622
631 0.004479
651 0.004676
634 0.004421
600 0.004163
565 0.004251
557 0.004351
701 0.00526
693 0.004845
655 0.007834
623 0.00765
585 0.005037
592 0.007679
624 0.004653
646 0.00649
613 0.004393
562 0.00772
511 0.004334
491 0.003823
617 0.007918
575 0.004998
518 0.003945
477 0.004109
574 0.004987
519 0.004773
503 0.004605
512 0.004521
532 0.004376
550 0.004407
585 0.004457
599 0.004682
589 0.004478
569 0.004357
538 0.004104
538 0.004299
513 0.004303
474 0.006528
475 0.006208
500 0.004402
665 0.005147
633 0.005206
585 0.004641
575 0.004331
577 0.004569
577 0.004445
547 0.004767
708 0.006999
680 0.005382
658 0.005871
667 0.005073
649 0.005535
625 0.004538
589 0.004733
550 0.003929
549 0.004358
555 0.00622
562 0.004452
541 0.004291
546 0.004375
553 0.006583
592 0.004234
598 0.00706
558 0.004152
528 0.004417
625 0.005205
540 0.004552
503 0.007223
490 0.003516
545 0.003893
567 0.004737
579 0.004852
538 0.004302
548 0.004039
550 0.004173
566 0.004418
550 0.004283
558 0.004174
572 0.00419
733 0.005171
751 0.004965
719 0.00536
693 0.004965
676 0.004494
845 0.005461
781 0.004979
710 0.004599
680 0.004574
672 0.005098
678 0.004959
673 0.005326
666 0.00672
653 0.004859
636 0.004702
651 0.007481
633 0.004739
593 0.004324
509 0.004063
499 0.004258
510 0.004056
529 0.003835
541 0.004022
569 0.00408
711 0.005125
795 0.006246
726 0.00888
681 0.005166
692 0.0049
707 0.005086
704 0.006928
682 0.007985
634 0.004673
612 0.004589
774 0.005756
793 0.005539
774 0.005622
781 0.005071
754 0.00493
876 0.005673
801 0.005864
800 0.005385
784 0.005597
798 0.005669
829 0.005721
856 0.008125
885 0.005327
808 0.004826
725 0.004507
898 0.005383
931 0.005294
922 0.005201
1071 0.006079
981 0.005929
1038 0.006552
1105 0.008452
1133 0.006638
1199 0.008826
1180 0.008763
1371 0.01097
1185 0.006509
1057 0.006154
1037 0.005892
1274 0.007297
1191 0.007569
1104 0.005776
1315 0.007143
1230 0.007025
1137 0.006288
1153 0.007011
1133 0.009772
1086 0.00956
992 0.006126
987 0.007065
1124 0.007204
1177 0.0113
1140 0.00789
1077 0.006676
1023 0.00708
918 0.005921
789 0.005349
853 0.005913
711 0.005358
622 0.006754
563 0.006796
672 0.005062
720 0.005065
691 0.00525
643 0.005038
597 0.004979
606 0.007516
593 0.004475
621 0.004971
647 0.004615
632 0.005027
610 0.004361
608 0.004621
775 0.005685
699 0.004979
597 0.004813
555 0.004652
581 0.004963
623 0.007803
670 0.006741
820 0.005281
761 0.005171
641 0.004862
590 0.004396
569 0.004217
539 0.004181
512 0.003965
656 0.006395
645 0.004719
571 0.004738
518 0.006081
496 0.004102
511 0.004447
488 0.004945
470 0.004553
422 0.003882
491 0.004284
428 0.004201
442 0.006564
485 0.004384
504 0.004391
468 0.006134
421 0.00885
528 0.004299
525 0.006405
535 0.0062
545 0.004426
561 0.004321
567 0.006416
711 0.005172
671 0.004973
634 0.004759
591 0.004637
549 0.004345
546 0.004136
551 0.004359
540 0.005662
536 0.004488
545 0.004432
533 0.004573
522 0.004354
637 0.005315
675 0.005234
617 0.005207
612 0.005102
593 0.005029
551 0.004634
553 0.004842
543 0.004275
538 0.006954
528 0.004514
468 0.00417
449 0.004049
575 0.005742
570 0.00447
553 0.004094
540 0.004984
666 0.005366
612 0.004911
544 0.004602
631 0.005166
572 0.004848
605 0.004629
641 0.004898
684 0.005209
665 0.005291
806 0.005843
730 0.005254
703 0.005011
651 0.004444
603 0.004538
518 0.004092
640 0.005134
653 0.004979
674 0.008035
658 0.03706
639 0.01744
583 0.00468
537 0.004378
484 0.004184
438 0.00357
389 0.003916
436 0.003791
499 0.004192
627 0.005908
758 0.005285
707 0.004978
696 0.005094
631 0.004594
581 0.004731
471 0.004229
567 0.004762
539 0.004225
569 0.007355
566 0.00442
652 0.005345
586 0.005084
522 0.008637
489 0.004567
450 0.004192
534 0.004792
526 0.00451
555 0.004576
590 0.007521
609 0.004895
576 0.004708
707 0.005386
644 0.004819
583 0.004327
559 0.004523
504 0.004306
468 0.003929
442 0.003864
449 0.003663
481 0.003845
601 0.005586
706 0.005498
710 0.005733
684 0.00571
632 0.00512
550 0.004568
474 0.004416
415 0.003822
410 0.003991
432 0.003624
485 0.003936
485 0.004127
585 0.004781
560 0.004358
589 0.003961
737 0.005585
695 0.008558
636 0.005425
526 0.004601
454 0.004195
434 0.004118
432 0.003902
537 0.004792
525 0.004619
560 0.004852
688 0.00491
701 0.004973
793 0.00712
760 0.004937
713 0.005185
738 0.00468
734 0.008035
937 0.005892
920 0.006506
868 0.01013
825 0.005869
782 0.004922
733 0.00564
719 0.008552
733 0.005617
868 0.006318
824 0.005709
793 0.008398
779 0.005906
807 0.005927
777 0.004724
733 0.00478
720 0.005217
703 0.004725
827 0.006716
944 0.00698
891 0.006681
850 0.006217
827 0.006336
768 0.005209
698 0.004886
590 0.004736
657 0.005327
582 0.004996
605 0.004895
644 0.004784
656 0.005264
679 0.004883
649 0.004903
807 0.005903
782 0.006047
734 0.005015
651 0.004961
590 0.004392
556 0.004467
554 0.004514
656 0.004984
600 0.005053
588 0.00492
744 0.005898
724 0.005277
674 0.005069
604 0.004157
549 0.004258
540 0.004083
546 0.004475
689 0.005222
668 0.004947
793 0.005693
752 0.005937
639 0.008363
575 0.004212
516 0.004653
459 0.004154
406 0.004112
409 0.004002
538 0.004614
556 0.004487
547 0.004351
558 0.004396
548 0.004463
539 0.004161
505 0.004219
614 0.005259
574 0.004504
582 0.004888
623 0.004475
662 0.004467
677 0.00508
828 0.00513
770 0.006174
719 0.005548
677 0.004964
630 0.004553
545 0.004502
497 0.00398
484 0.004407
501 0.004471
532 0.004185
572 0.004129
751 0.008455
874 0.006036
870 0.005687
818 0.006789
806 0.00547
793 0.005398
735 0.005036
686 0.004782
642 0.004892
628 0.004305
647 0.007415
859 0.006178
855 0.006056
804 0.005444
715 0.005106
615 0.004703
719 0.00507
675 0.004655
626 0.005
758 0.005511
757 0.00527
695 0.005133
549 0.01065
467 0.004248
424 0.004267
426 0.003695
417 0.003982
407 0.003535
438 0.003937
553 0.004305
602 0.004684
632 0.004498
817 0.005393
817 0.00513
780 0.005454
733 0.004928
707 0.004793
798 0.005962
704 0.004983
676 0.004871
659 0.004585
692 0.004538
689 0.008377
687 0.005623
664 0.004888
615 0.004928
572 0.004522
580 0.004589
712 0.005477
694 0.005457
650 0.004947
670 0.004653
675 0.004962
663 0.004696
586 0.004572
664 0.004894
628 0.006256
598 0.004813
706 0.005814
809 0.006582
827 0.006021
810 0.006279
787 0.005902
733 0.005479
715 0.005359
