0.003422
0.01611
0.0127
0.003641
0.01335
0.01522
0.02337
0.004133
0.0193
0.01625
0.0167
0.01565
0.01658
0.003812
0.01596
0.01658
0.01729
0.01781
0.01651
0.01537
0.02564
0.01482
0.01341
0.01594
0.01679
0.0168
0.01931
0.01962
0.01605
0.01743
0.01473
0.01634
0.01419
0.01708
0.01421
0.017
0.0154
0.01651
0.01618
0.01504
0.01649
0.01555
0.01569
0.01536
0.01629
0.01591
0.01363
0.01648
0.01673
0.01605
0.01504
0.01699
0.01505
0.01439
0.01679
0.01466
0.01542
0.01518
0.01643
0.004901
0.01458
0.004848
0.01399
0.01443
0.01779
0.01879
0.01655
0.016
0.01461
0.00325
0.01825
0.01627
0.01499
0.01716
0.01757
0.01558
0.01552
0.01725
0.004852
0.01755
0.004531
0.0149
0.003229
0.01476
0.003375
0.01814
0.003333
0.01798
0.01532
0.003437
0.01863
0.003407
0.01759
0.003382
0.01621
0.003511
0.0163
0.01703
0.01888
0.02006
0.01942
0.01752
0.01918
0.01553
0.01871
0.02169
0.0194
0.01996
0.0175
0.01679
0.01745
0.01551
0.003613
0.01731
0.01652
0.003345
0.01564
0.004106
0.01584
0.003243
0.01459
0.01787
0.01647
0.01842
0.01914
0.02049
0.01787
0.01627
0.0177
0.00434
0.01649
0.01844
0.01664
0.01603
0.01661
0.01652
0.01733
0.01782
0.01484
0.01928
0.01636
0.01656
0.01809
0.01528
0.0173
0.01794
0.01567
0.01446
0.01722
0.01551
0.01632
0.01768
0.01594
0.01525
0.003394
0.0152
0.01463
0.01415
0.02152
0.01678
0.01977
0.003604
0.01649
0.00339
0.01517
0.003424
0.01926
0.004668
0.01711
0.003391
0.01863
0.01507
0.003413
0.01624
0.0179
0.01688
0.01962
0.01906
0.024
0.01933
0.01901
0.01562
0.01919
0.02117
0.02086
0.02089
0.01872
0.01752
0.01828
0.01538
0.01944
0.01848
0.003497
0.02052
0.003355
0.02004
0.003339
0.01778
0.003243
0.01573
0.01866
0.003479
0.01704
0.003223
0.01585
0.003218
0.01355
0.0169
0.01656
0.01744
0.01455
0.01584
0.01551
0.003233
0.0152
0.01714
0.01892
0.0177
0.01757
0.0159
0.01757
0.004505
0.0155
0.02221
0.01912
0.01888
0.01792
0.01991
0.01668
0.01941
0.005026
0.01563
0.003454
0.01573
0.003297
0.01738
0.004596
0.01463
0.00411
0.01917
0.003442
0.01569
0.01779
0.01819
0.01812
0.01772
0.0179
0.003676
0.01639
0.003505
0.01608
0.003646
0.01579
0.003236
0.01707
0.003193
0.01896
0.01768
0.003334
0.01972
0.003295
0.01806
0.003292
0.02112
0.003487
0.02073
0.004245
0.02348
0.003484
0.02497
0.003358
0.02965
0.003487
0.01931
0.003614
0.02163
0.003375
0.0208
0.005154
0.01885
0.003378
0.01722
0.003493
0.01784
0.00365
0.01942
0.00579
0.01633
0.00557
0.01534
0.003522
0.01772
0.003587
0.01688
0.00347
0.02018
0.003584
0.0174
0.003692
0.02006
0.005186
0.02015
0.003376
0.01874
0.003358
0.0168
0.003391
0.02057
0.02236
0.02162
0.004604
0.01792
0.003754
0.01815
0.02049
0.003629
0.0191
0.01731
0.01821
0.02102
0.01954
0.01738
0.02025
0.02279
0.01962
0.01996
0.02059
0.01735
0.01972
0.01946
0.02214
0.0191
0.01801
0.02581
0.02174
0.01762
0.02121
0.01664
0.003636
0.02487
0.01842
0.01672
0.01682
0.02085
0.01765
0.01788
0.01938
0.01682
0.003406
0.01598
0.01624
0.01714
0.01897
0.01685
0.01878
0.01578
0.01695
0.01659
0.01669
0.01884
0.003619
0.01704
0.0172
0.003549
0.01777
0.01705
0.01611
0.003409
0.01809
0.01528
0.01731
0.01745
0.01854
0.01777
0.01647
0.01578
0.01563
0.01676
0.01518
0.0143
0.003371
0.01522
0.01404
0.01767
0.01654
0.01647
0.01648
0.02016
0.01796
0.01636
0.003291
0.0158
0.003259
0.01572
0.01675
0.01655
0.0193
0.01572
0.01915
0.01875
0.01684
0.01564
0.01692
0.01815
0.01544
0.01637
0.003245
0.01365
0.01836
0.01642
0.01548
0.01803
0.01695
0.01628
0.003334
0.01587
0.01541
0.01634
0.01952
0.01701
0.01725
0.01884
0.01737
0.01585
0.01835
0.003557
0.01519
0.01594
0.01837
0.02001
0.0203
0.01705
0.003475
0.01747
0.004188
0.01522
0.00365
0.01564
0.003222
0.01595
0.003487
0.01753
0.003454
0.01806
0.003507
0.01918
0.003575
0.003363
0.0194
0.00375
0.02026
0.003546
0.02244
0.004131
0.02188
0.003815
0.02499
0.005275
0.02344
0.005366
0.02031
0.00626
0.01696
0.003523
0.0216
0.004645
0.02009
0.00351
0.01721
0.02549
0.02513
0.0256
0.02146
0.02392
0.004973
0.0222
0.01934
0.003534
0.01631
0.021
0.003452
0.01881
0.01976
0.00436
0.01567
0.01848
0.01939
0.01876
0.02436
0.02408
0.02146
0.01903
0.01926
0.01716
0.01547
0.01664
0.01525
0.01772
0.01744
0.01907
0.01673
0.01748
0.01637
0.0168
0.01611
0.0191
0.01892
0.01902
0.01933
0.01619
0.01691
0.01504
0.0172
0.01767
0.01967
0.01733
0.01705
0.01803
0.01779
0.01701
0.01511
0.01684
0.01642
0.0166
0.01809
0.02343
0.0191
0.01646
0.01713
0.01685
0.01514
0.01743
0.01791
0.01515
0.01544
0.01619
0.01751
0.01977
0.01908
0.02045
0.02059
0.01856
0.01964
0.01932
0.01841
0.01999
0.01916
0.01828
0.01874
0.01571
0.01578
0.0154
0.01731
0.01785
0.01967
0.01933
0.02036
0.02006
0.01891
0.01865
0.01878
0.02309
0.01711
0.01606
0.01924
0.01847
0.01645
0.01486
0.01656
0.01612
0.01675
0.01623
0.01603
0.01654
0.01582
0.01633
0.01775
0.01779
0.01534
0.01754
0.01741
0.0177
0.01712
0.01533
0.01674
0.01713
0.01645
0.02264
0.01969
0.01778
0.01719
0.01944
0.01732
0.02344
0.02172
0.01877
0.01615
0.01732
0.01687
0.01749
0.02198
0.01867
0.01733
0.01733
0.01793
0.01595
0.003422
0.01808
0.01559
0.0155
0.01874
0.02429
0.01839
0.003319
0.01629
0.01733
0.01797
0.01818
0.01731
0.01772
0.01702
0.019
0.01605
0.01544
0.01736
0.01918
0.01722
0.01943
0.01995
0.01634
0.0197
0.01774
0.01689
0.01643
0.01729
0.01725
0.0198
0.01962
0.01921
0.01869
0.01957
0.01722
0.01863
0.01736
0.01672
0.01658
0.004831
0.01478
0.0177
0.01765
0.01667
0.02144
0.02101
0.01875
0.0174
0.0187
0.01999
0.02028
0.01838
0.02059
0.02135
0.01996
0.00352
0.01752
0.02018
0.003596
0.01823
0.01874
0.01857
0.01815
0.00369
0.01939
0.007886
0.01785
0.003429
0.02082
0.003489
0.02094
0.003386
0.01955
0.003389
0.01962
0.004586
0.01642
0.01831
0.01802
0.003799
0.01968
0.003641
0.01891
0.003871
0.01782
0.003767
0.02262
0.02195
0.02206
0.02322
0.02171
0.02748
0.02316
0.02283
0.02371
0.02619
0.02433
0.02177
0.02092
0.02245
0.01917
0.02291
0.02438
0.02368
0.0211
0.02098
0.02195
0.02559
0.02207
0.02047
0.02283
0.02157
0.01772
0.01955
0.004637
0.01759
0.003366
0.01832
0.01817
0.003673
0.01644
0.003364
0.01679
0.003425
0.01684
0.01701
0.01818
0.003451
0.0189
0.01655
0.01881
0.01732
0.02036
0.01936
0.01924
0.01848
0.01737
0.02007
0.01814
0.01884
0.02379
0.01931
0.02243
0.02
0.01707
0.01633
0.01787
0.01748
0.01677
0.03109
0.01856
0.01994
0.03116
0.02052
0.01795
0.01984
0.01776
0.01465
0.0135
0.01837
0.01805
0.02218
0.0161
0.01583
0.01924
0.01971
0.01693
0.01863
0.04143
0.01633
0.0163
0.03085
0.01826
0.01757
0.01711
0.01665
0.0162
0.01891
0.01607
0.02098
0.01664
0.0166
0.01811
0.0166
0.01697
0.01746
0.01999
0.02049
0.01745
0.01668
0.02361
0.01947
0.0187
0.01806
0.01759
0.01543
0.02465
0.0036
0.01801
0.01626
0.01661
0.01817
0.01732
0.01667
0.01748
0.01693
0.02003
0.01723
0.01811
0.02081
0.02282
0.02088
0.01805
0.01826
0.01969
0.01577
0.01745
0.01822
0.0207
0.0666
0.03801
0.01699
0.01644
0.01549
0.01526
0.005806
0.01652
0.01695
0.0169
0.02172
0.02254
0.0177
0.01998
0.01967
0.01929
0.01881
0.01699
0.01706
0.0202
0.01664
0.01768
0.01733
0.02065
0.01808
0.0157
0.01667
0.0166
0.01697
0.01995
0.01941
0.01788
0.02005
0.01923
0.01713
0.02059
0.0163
0.01805
0.01668
0.01826
0.02073
0.01921
0.02016
0.02057
0.02412
0.01938
0.01662
0.01611
0.01929
0.01735
0.01864
0.02253
0.0197
0.02143
0.01689
0.01675
0.02089
0.02144
0.01992
0.01807
0.01582
0.01578
0.003304
0.01625
0.005275
0.02333
0.01809
0.003502
0.0166
0.01847
0.02159
0.02106
0.02215
0.01788
0.01857
0.02129
0.02136
0.02216
0.02396
0.02241
0.01786
0.003476
0.0182
0.004636
0.02113
0.003257
0.01941
0.0034
0.01959
0.003459
0.02262
0.003533
0.02824
0.005065
0.02052
0.003449
0.01893
0.005161
0.02261
0.003427
0.01875
0.003396
0.02478
0.003363
0.02031
0.003529
0.0188
0.003501
0.02227
0.02741
0.02856
0.02155
0.02085
0.01996
0.02083
0.01813
0.0194
0.02305
0.02096
0.0182
0.0194
0.01925
0.02282
0.01962
0.01927
0.01956
0.01731
0.01872
0.02067
0.0181
0.01999
0.02276
0.02624
0.01874
0.01978
0.02215
0.0166
0.01642
0.02373
0.01875
0.02161
0.01914
0.02604
0.0213
0.01901
0.0229
0.01874
0.01684
0.01962
0.00479
0.01805
0.01915
0.0187
0.02103
0.01677
0.02074
0.01615
0.02242
0.01886
0.01922
0.0211
0.01799
0.02317
0.02208
0.02468
0.02531
0.02205
0.01905
0.02295
0.01692
0.01894
0.003363
0.0178
0.01657
0.01671
0.02136
0.02207
0.01987
0.02291
0.01934
0.03459
0.01979
0.01951
0.01761
0.01781
0.01996
0.025
0.01991
0.004852
0.02562
0.003509
0.01767
0.003357
0.01713
0.02223
0.003465
0.01717
0.004789
0.01777
0.02325
0.0189
0.01878
0.02322
0.02022
0.01839
0.0191
0.003231
0.01926
0.006435
0.02018
0.01725
0.01838
0.02167
0.01723
0.01881
0.01898
0.003577
0.0184
0.01979
0.02124
0.02128
0.01827
0.01967
0.02085
0.004047
0.01832
0.02214
0.02089
0.003445
0.01999
0.003482
0.02187
0.004542
0.02106
0.02165
0.02499
0.02616
0.02121
0.0219
0.004769
0.02133
0.00367
0.02246
0.003335
0.01624
0.004571
0.01834
0.00337
0.02084
0.003212
0.02132
0.003355
0.01853
0.003527
0.01978
0.003521
0.01976
0.003493
0.01955
0.003569
0.01915
0.005353
0.0229
0.003494
0.01953
0.003506
