0.001084
0.0003613
0.0003177
0.0003256
0.0005016
0.0007354
0.000419
0.0003592
0.0005365
0.000537
0.000349
0.0004518
0.0005419
0.0003035
0.0003585
0.0003256
0.0003079
0.000269
0.0003152
0.0002384
0.0002802
0.0005192
0.0004235
0.0005039
0.0003263
0.0004133
0.0009084
0.0003155
0.0002818
0.0002566
0.0009775
0.000242
0.000434
0.0003917
0.0002778
0.0004821
0.0002894
0.0003693
0.0006817
0.0002876
0.0002968
0.0003025
0.0002807
0.0002202
0.000317
0.0004794
0.0002692
0.0004417
0.000456
0.0002596
0.0003758
0.0004771
0.0002576
0.000224
0.0002368
0.0002318
0.0001958
0.0002088
0.0003289
0.0004377
0.0005062
0.000347
0.0004637
0.0003781
0.0003064
0.0003343
0.0003873
0.0009717
0.0003915
0.0004467
0.0004233
0.0004848
0.0004549
0.0003548
0.0002993
0.0003236
0.0004297
0.000434
0.0004111
0.0003595
0.0003423
0.0003779
0.0005857
0.0004242
0.0004908
0.0005963
0.0005001
0.0004372
0.0003744
0.001293
0.0003657
0.0003833
0.0004316
0.0003094
0.000322
0.0003673
0.0005177
0.0003882
0.0003789
0.0003119
0.0002873
0.0003356
0.0003259
0.0004146
0.000341
0.0003746
0.0003444
0.0004948
0.0003257
0.0009532
0.0003358
0.0004607
0.000371
0.0004406
0.0004941
0.0003192
0.0007617
0.0005247
0.0004264
0.0004703
0.000315
0.0005005
0.0004013
0.000275
0.0003803
0.0004292
0.0002968
0.0003545
0.000272
0.0004084
0.000401
0.000304
0.0002843
0.0002572
0.000296
0.0004959
0.0004342
0.0004494
0.0003267
0.0004892
0.000392
0.0005309
0.0004434
0.0003694
0.0003451
0.0003578
0.0003495
0.0009816
0.0005413
0.0004569
0.0004917
0.0005233
0.0009706
0.0003448
0.0003397
0.0005879
0.0003992
0.0004096
0.0006734
0.0004973
0.0004649
0.000485
0.0005247
0.0004383
0.0005257
0.0003559
0.000668
0.0006399
0.0004607
0.0003916
0.0002783
0.000722
0.0002534
0.0003623
0.0002961
0.0002577
0.0001968
0.0002525
0.0003991
0.0003479
0.0005253
0.0004218
0.0004642
0.0003711
0.0003658
0.0002749
0.0003137
0.000552
0.0007035
0.0005455
0.0004283
0.0004423
0.0006242
0.0006382
0.0004621
0.0005579
0.0002483
0.0003497
0.0004713
0.0003846
0.0003955
0.0003414
0.0006306
0.000479
0.0004717
0.0004134
0.0004513
0.0006016
0.0003309
0.0004164
0.0004752
0.0005697
0.0003691
0.0006123
0.0006876
0.0007255
0.0006087
0.0005708
0.0005483
0.001036
0.0005926
0.0007692
0.0004063
0.0006101
0.0003327
0.0004849
0.0003804
0.0004071
0.0003821
0.0004097
0.0004069
0.0004093
0.0003667
0.0003746
0.0003936
0.0004242
0.000439
0.0004031
0.0004811
0.0003615
0.0003888
0.0003972
0.0003646
0.0005045
0.0004425
0.000471
0.0004493
0.0004047
0.0005334
0.0004399
0.0004731
0.0004904
0.0003584
0.0004054
0.0003982
0.0004518
0.0003475
0.0003349
0.0004911
0.0003421
0.00032
0.0003125
0.0003199
0.0005782
0.0003101
0.0003442
0.0003206
0.0006352
0.0004335
0.0004179
0.0005496
0.0006113
0.0004028
0.0002876
0.0003909
0.0003872
0.0003393
0.0002707
0.0003392
0.000373
0.000406
0.0004215
0.0003407
0.0003206
0.0003292
0.0005426
0.0003221
0.0002694
0.0002648
0.0003416
0.0003769
0.000328
0.0002921
0.0004162
0.0003189
0.0002992
0.0003444
0.0003139
0.0003038
0.0001955
0.0002318
0.0002361
0.0003728
0.0003061
0.0002576
0.0004107
0.0005879
0.0002479
0.0002549
0.0002161
0.0008223
0.0003553
0.0003243
0.0003754
0.0002962
0.0003723
0.0004013
0.0004202
0.000295
0.0002626
0.0003426
0.0003259
0.000263
0.0002282
0.0003415
0.0004388
0.0002695
0.0003589
0.000303
0.0003169
0.0002859
0.0003214
0.0003672
0.0004427
0.0003547
0.0002899
0.0003127
0.0003252
0.0003179
0.0004316
0.0003992
0.0003748
0.000428
0.0005429
0.0004597
0.0004109
0.0008155
0.000517
0.0007583
0.0007402
0.000858
0.001255
0.0008659
0.0006622
0.000454
0.0006738
0.0004596
0.001005
0.0003905
0.0003773
0.0003736
0.0004607
0.0003661
0.0003376
0.0006195
0.0005373
0.0006819
0.0007385
0.0009042
0.0005969
0.0003354
0.0004107
0.0003254
0.0003402
0.0004466
0.0004368
0.0004225
0.0005771
0.0005238
0.0008834
0.0006443
0.0003851
0.000299
0.0003177
0.0003352
0.0002356
0.0003246
0.0002544
0.0004546
0.0004113
0.0003199
0.0003283
0.0008809
0.000404
0.0003554
0.0003228
0.0003441
0.0003501
0.000331
0.0005916
0.0003885
0.000281
0.0004408
0.0005732
0.0003857
0.0005495
0.000352
0.0004086
0.0005749
0.0008648
0.0004007
0.0003665
0.0004244
0.0002815
0.0004505
0.000353
0.0004385
0.0005584
0.0006157
0.0005334
0.0003396
0.0004674
0.0004172
0.0004645
0.0003859
0.0003158
0.0003102
0.0003866
0.0006683
0.0006716
0.0003429
0.0006867
0.0004552
0.0004386
0.0004386
0.0003748
0.0003326
0.0004182
0.001041
0.0003181
0.0003936
0.0003595
0.0004065
0.0005571
0.0004023
0.0004034
0.0003441
0.0005492
0.0004404
0.0008746
0.0005193
0.0004828
0.0004677
0.0006843
0.0003522
0.0003952
0.0006627
0.0002798
0.0002521
0.0003198
0.0002838
0.0005636
0.0004364
0.0007093
0.000319
0.0003074
0.0005708
0.000293
0.0004408
0.0004094
0.0005946
0.0004035
0.0003855
0.00032
0.0003417
0.0003248
0.0002919
0.0002811
0.0006121
0.0004225
0.0003493
0.0005924
0.0005213
0.000434
0.0006364
0.0004647
0.0003763
0.000307
0.0004204
0.0002984
0.0008668
0.0009232
0.0003856
0.0003277
0.0003904
0.0003335
0.0005118
0.0004402
0.0005082
0.0003648
0.0007563
0.0003237
0.0002255
0.0002794
0.0004828
0.001163
0.0004804
0.0003202
0.0002981
0.0004353
0.0003594
0.0004381
0.0002523
0.0004053
0.000437
0.0004139
0.0003391
0.0006019
0.0007986
0.0004391
0.000388
0.0003296
0.000395
0.0006103
0.0003162
0.0003631
0.00036
0.0003825
0.0004042
0.0005194
0.0004927
0.0003496
0.000542
0.000349
0.0004749
0.0005431
0.0003597
0.0003056
0.0004048
0.000404
0.0003296
0.0002895
0.0004346
0.0004039
0.0005233
0.000605
0.0003358
0.0005568
0.0005179
0.0004668
0.0004051
0.0004741
0.0004794
0.0004048
0.0003666
0.0003529
0.0005259
0.0004148
0.000547
0.0006156
0.0004145
0.0004185
0.0003962
0.0004682
0.0004266
0.0003944
0.0004092
0.0003963
0.0004065
0.0004867
0.0004997
0.0005571
0.0005627
0.0006247
0.0005736
0.00103
0.0005786
0.000622
0.0005883
0.0005138
0.0005692
0.0005647
0.0004725
0.0007257
0.0004558
0.0004764
0.0004447
0.0004343
0.0006315
0.0004878
0.0004997
0.0004803
0.0009275
0.0004203
0.0004158
0.0003897
0.000305
0.0002905
0.0003296
0.0002944
0.0002866
0.0002981
0.0003807
0.0004775
0.0003094
0.0004335
0.0004402
0.000535
0.0003121
0.000295
0.0002976
0.0003347
0.0003107
0.000305
0.0002832
0.0004168
0.0005216
0.0003856
0.0003565
0.000358
0.0002997
0.0003094
0.0002973
0.0007171
0.0002464
0.0003452
0.000296
0.0004625
0.0003445
0.0003366
0.001016
0.0002543
0.0002359
0.0002211
0.0002903
0.0002115
0.0002542
0.0002688
0.0002648
0.0002639
0.0002503
0.0003211
0.000341
0.0003187
0.0002745
0.0003811
0.0005023
0.0004243
0.000396
0.0003963
0.0002716
0.000324
0.0003208
0.0002534
0.0004455
0.0002544
0.0005452
0.0006539
0.0004723
0.000425
0.0002768
0.0003563
0.0002907
0.0004098
0.0003443
0.0003786
0.0002637
0.0002602
0.000324
0.0003213
0.0003453
0.0003706
0.0003496
0.0002873
0.0003219
0.0004098
0.0004067
0.0003087
0.0003332
0.0003398
0.0002967
0.0003602
0.0005373
0.000314
0.0004229
0.0004139
0.0003328
0.000361
0.0002759
0.0003886
0.00043
0.0003898
0.0003386
0.0009274
0.0006124
0.0004902
0.0003525
0.0002497
0.0002196
0.0004519
0.0003922
0.0003128
0.0004446
0.000366
0.0003542
0.0003491
0.0003041
0.000342
0.0002425
0.0002963
0.0003137
0.0004725
0.0003062
0.0002795
0.0002913
0.0003442
0.0003623
0.0003807
0.0002506
0.0003046
0.0004445
0.0003479
0.0003046
0.0002827
0.0004121
0.0002936
0.0002971
0.0004312
0.0003565
0.0004676
0.000229
0.0003446
0.000344
0.0005023
0.0008418
0.0003848
0.0005383
0.0003727
0.0003524
0.0002231
0.0002199
0.0003446
0.0004533
0.0006532
0.000318
0.0003594
0.0003946
0.000426
0.0004487
0.0004636
0.0003536
0.0002808
0.0002461
0.0003605
0.0001966
0.000326
0.0002782
0.0004557
0.0004305
0.0009133
0.0003909
0.0003314
0.0003808
0.0004455
0.0004732
0.0004879
0.0003844
0.0004616
0.0004496
0.0003389
0.0003339
0.000373
0.0003828
0.0005161
0.0003705
0.0005813
0.000924
0.000495
0.0006088
0.0004207
0.0003656
0.0003292
0.0003598
0.000711
0.0005089
0.0008265
0.001082
0.0005521
0.0004027
0.0002759
0.0003189
0.0004861
0.0003235
0.0004336
0.0004799
0.0003357
0.0004762
0.0003556
0.0003377
0.0004364
0.000383
0.0003357
0.0004294
0.0003715
0.0003507
0.000579
0.0003297
0.0005088
0.0005377
0.0004798
0.000386
0.000422
0.000287
0.0003385
0.0004923
0.0004468
0.0004607
0.0004252
0.0003114
0.0003312
0.0003715
0.000281
0.0002917
0.0002544
0.0003016
0.0003339
0.0003404
0.0003258
0.0002869
0.0004467
0.0003499
0.0003566
0.0008018
0.0003989
0.0003526
0.0004435
0.0008138
0.0006886
0.0005696
0.0007673
0.0003826
0.0006591
0.000507
0.0002939
0.0005696
0.0002584
0.0003506
0.0004211
0.0004163
0.0004052
0.0004214
0.0005805
0.0005662
0.0004569
0.0004247
0.0004248
0.000355
0.0004176
0.0004669
0.0005362
0.0004961
0.0005479
0.0005096
0.0003896
0.0005825
0.0005022
0.0002759
0.0004128
0.0003459
0.0003464
0.0003237
0.0002232
0.0002205
0.0002755
0.0001769
0.0002209
0.0002041
0.0002766
0.0003097
0.0002789
0.0004468
0.0003697
0.0002958
0.0004715
0.0004567
0.0007183
0.0002952
0.0004077
0.0005851
0.0004727
0.0008282
0.0003615
0.0005958
0.0004356
0.0004277
0.0005529
0.000786
0.0004409
0.0003117
0.0004055
0.0004528
0.0004404
0.000332
0.0003602
0.0004378
0.000321
0.0007635
0.0006728
0.0004245
0.0005455
0.0003844
0.0004181
0.0003187
