792 0.003397
504 0.008987
584 0.004966
673 0.007255
741 0.004529
822 0.00671
816 0.009999
822 0.006891
810 0.004703
791 0.005572
777 0.005769
787 0.0126
774 0.007751
798 0.006798
929 0.00803
881 0.01221
831 0.005397
779 0.005557
918 0.005874
903 0.01118
886 0.005088
858 0.006902
863 0.006117
840 0.00463
840 0.005048
801 0.006482
821 0.007223
804 0.004346
824 0.00445
802 0.00801
780 0.006257
743 0.004679
737 0.005936
770 0.0107
990 0.009547
969 0.009062
1007 0.006504
1005 0.008073
1022 0.006178
978 0.01689
927 0.007259
922 0.006852
947 0.005998
946 0.005672
916 0.01086
877 0.007916
902 0.00827
1135 0.0069
1073 0.01232
1209 0.008838
1210 0.008607
1147 0.008934
1109 0.007521
1054 0.01199
1026 0.008876
998 0.006741
1175 0.009017
1094 0.01184
1014 0.007045
967 0.006744
927 0.01129
917 0.007354
1080 0.008736
1036 0.006786
968 0.007974
1130 0.008082
1050 0.008623
954 0.0091
874 0.008515
845 0.005951
965 0.007732
920 0.008846
871 0.008778
844 0.007324
991 0.006444
929 0.01062
856 0.009049
821 0.005428
788 0.005143
730 0.02003
706 0.004884
840 0.008242
807 0.0052
751 0.00967
718 0.007634
848 0.009252
798 0.005549
696 0.008959
685 0.007081
765 0.006694
734 0.005076
824 0.009063
748 0.006439
770 0.007208
931 0.01056
896 0.006418
840 0.00601
801 0.006874
880 0.008349
837 0.009912
750 0.005644
717 0.006916
704 0.007997
729 0.007116
865 0.005877
875 0.006284
844 0.008887
803 0.007171
752 0.007055
708 0.004761
860 0.007255
795 0.00862
740 0.00689
861 0.005648
775 0.006301
708 0.01112
666 0.00591
623 0.0066
693 0.004725
619 0.007413
616 0.004561
738 0.007337
727 0.006799
688 0.005064
834 0.008795
789 0.01159
757 0.007429
720 0.005206
681 0.005174
805 0.008539
741 0.007983
713 0.004963
664 0.004899
608 0.006601
553 0.004628
494 0.005032
558 0.004412
636 0.007147
616 0.007818
627 0.005089
610 0.006667
603 0.006667
598 0.007017
670 0.006651
647 0.004866
635 0.007606
644 0.007169
775 0.007736
739 0.007171
691 0.005275
792 0.005735
752 0.005223
682 0.01085
594 0.006736
647 0.008098
565 0.004297
569 0.006751
587 0.007634
602 0.007221
735 0.005288
698 0.006721
646 0.006806
787 0.00812
735 0.005763
702 0.005306
667 0.007869
811 0.008581
771 0.00722
731 0.005264
727 0.007194
829 0.006652
765 0.007669
717 0.00511
678 0.007039
668 0.004353
651 0.004047
620 0.003881
761 0.006229
931 0.01232
881 0.006549
817 0.008463
732 0.00497
682 0.00778
643 0.009385
779 0.008226
733 0.005495
716 0.004779
715 0.00646
743 0.005723
666 0.006583
575 0.006646
569 0.004618
577 0.00666
718 0.005465
694 0.004503
796 0.00665
764 0.006947
706 0.00495
662 0.004896
593 0.006985
554 0.006982
606 0.004499
561 0.004653
642 0.006857
634 0.006748
608 0.008133
584 0.004394
571 0.004341
665 0.004895
610 0.005859
678 0.01019
634 0.006701
591 0.007559
511 0.005815
480 0.004124
456 0.008892
547 0.005152
506 0.008386
453 0.004155
432 0.004481
490 0.009573
532 0.009168
521 0.004614
521 0.005115
535 0.004416
545 0.006872
553 0.01021
639 0.006777
613 0.007055
599 0.006929
736 0.005691
680 0.005118
628 0.009307
588 0.006782
646 0.008194
646 0.004802
598 0.007386
697 0.008267
595 0.004435
553 0.009169
506 0.003805
575 0.008389
604 0.007536
531 0.008183
509 0.004604
432 0.004313
400 0.006792
450 0.006747
513 0.006838
549 0.0053
557 0.005145
547 0.01047
528 0.005506
611 0.007912
711 0.006799
674 0.005605
655 0.01004
601 0.007423
552 0.006121
581 0.005002
566 0.00977
550 0.004332
504 0.004528
470 0.005899
443 0.005952
487 0.007505
470 0.004553
575 0.004934
557 0.007788
488 0.007283
483 0.00529
451 0.004368
464 0.007884
570 0.008068
558 0.007655
636 0.005127
630 0.005247
613 0.007597
600 0.007022
588 0.004291
577 0.009537
590 0.005008
698 0.008941
670 0.005306
639 0.004876
609 0.008105
584 0.008343
563 0.006468
514 0.004063
607 0.006137
546 0.007077
521 0.006581
541 0.006271
576 0.007455
618 0.00771
619 0.00511
627 0.008977
582 0.004109
690 0.005652
605 0.007708
714 0.007001
682 0.00734
655 0.006301
620 0.005215
634 0.006434
642 0.009477
652 0.007513
652 0.007077
630 0.006182
773 0.008755
695 0.00499
579 0.00435
516 0.005824
629 0.009842
575 0.006433
534 0.008141
512 0.005024
500 0.004154
480 0.00655
585 0.006338
564 0.005535
561 0.004409
571 0.006649
594 0.009309
731 0.007094
646 0.004892
548 0.004095
645 0.004949
609 0.00547
569 0.007079
546 0.005429
507 0.004021
488 0.005466
598 0.007395
587 0.004404
574 0.005406
584 0.003743
734 0.005361
849 0.00988
795 0.006312
742 0.007173
743 0.00875
733 0.01
659 0.006067
543 0.003841
620 0.005276
535 0.007907
491 0.004239
492 0.005087
467 0.003954
574 0.007071
540 0.004714
549 0.004492
592 0.007062
597 0.004021
577 0.005481
511 0.007001
600 0.007489
572 0.004452
592 0.00673
609 0.005903
640 0.01064
637 0.008765
779 0.005846
725 0.007089
752 0.005651
912 0.00969
864 0.005733
786 0.005397
757 0.01022
724 0.00739
717 0.005167
698 0.00461
713 0.009888
701 0.008098
694 0.007398
691 0.004191
852 0.008379
1025 0.008812
1017 0.006421
983 0.009447
946 0.006176
900 0.009253
856 0.007639
803 0.007814
781 0.005237
788 0.007331
770 0.00744
731 0.005761
869 0.00595
821 0.006384
797 0.01074
797 0.009117
811 0.007677
781 0.005231
749 0.004942
922 0.01135
876 0.007044
986 0.007894
952 0.01132
913 0.008879
869 0.009186
828 0.006086
838 0.008498
854 0.00944
1040 0.009761
983 0.009601
906 0.005912
886 0.01221
865 0.006133
1024 0.009447
933 0.006357
1084 0.01207
1033 0.009708
984 0.008296
928 0.007415
862 0.005312
838 0.009035
968 0.008129
864 0.007744
803 0.00565
930 0.0063
870 0.008638
804 0.007633
777 0.007699
768 0.005476
889 0.007709
819 0.007392
750 0.006977
721 0.005462
700 0.004568
835 0.008675
781 0.008142
695 0.006576
651 0.005469
630 0.004886
591 0.006144
571 0.006826
655 0.005058
799 0.005675
840 0.008997
865 0.005861
827 0.00579
785 0.00801
941 0.008347
861 0.008172
775 0.008004
887 0.006144
788 0.006989
714 0.007806
642 0.004717
628 0.007025
764 0.005911
735 0.005175
687 0.0101
659 0.006615
796 0.008646
757 0.006502
717 0.004935
673 0.005671
689 0.009733
629 0.008321
604 0.004617
571 0.009563
701 0.007291
825 0.009756
775 0.005787
705 0.009259
748 0.005161
755 0.009293
760 0.007987
703 0.006214
735 0.004757
727 0.004487
929 0.01003
879 0.009545
827 0.005884
776 0.006213
740 0.004803
729 0.006255
905 0.007233
845 0.005185
966 0.01048
920 0.00839
833 0.006794
791 0.005762
944 0.008739
954 0.009508
963 0.008488
870 0.009132
963 0.006783
1057 0.01009
1015 0.01027
961 0.006879
909 0.006202
816 0.01077
798 0.008224
872 0.009774
796 0.006453
673 0.006948
803 0.008145
779 0.007742
815 0.00787
807 0.009452
733 0.008286
679 0.007586
801 0.005907
796 0.006744
711 0.005302
840 0.009476
808 0.009123
895 0.006519
894 0.01143
807 0.007576
767 0.00942
884 0.008862
793 0.0061
718 0.006214
712 0.008443
745 0.006045
754 0.005465
846 0.00577
890 0.00891
782 0.005783
756 0.007245
758 0.005611
743 0.005352
742 0.005838
725 0.007354
726 0.004723
902 0.006212
862 0.008022
819 0.008097
795 0.004945
756 0.005169
898 0.01126
804 0.006608
712 0.004488
687 0.00572
630 0.003852
570 0.006748
534 0.00703
671 0.007686
657 0.00526
626 0.007086
631 0.007026
615 0.007429
592 0.004191
590 0.00947
573 0.006411
717 0.007824
669 0.004697
600 0.005004
560 0.004541
517 0.006688
470 0.003974
428 0.004837
512 0.005914
489 0.006217
451 0.003352
462 0.009179
488 0.005983
506 0.006298
642 0.004372
638 0.006947
600 0.008762
537 0.007413
512 0.004064
625 0.005555
622 0.008589
576 0.007472
586 0.004296
706 0.005179
671 0.007306
617 0.007487
617 0.006011
634 0.004599
658 0.007653
675 0.006586
792 0.00788
874 0.006559
781 0.006557
717 0.006334
673 0.00545
620 0.006729
611 0.01072
723 0.005845
661 0.005004
603 0.004401
582 0.009084
668 0.007579
629 0.006345
589 0.004803
704 0.007053
672 0.007407
659 0.008437
618 0.007956
675 0.005405
609 0.004463
566 0.007195
702 0.006991
707 0.005175
705 0.004985
683 0.009582
807 0.007046
799 0.00766
765 0.006223
731 0.004812
697 0.007056
689 0.00586
657 0.004833
625 0.004344
646 0.007972
825 0.00775
783 0.007771
732 0.004927
670 0.004905
657 0.00755
615 0.0073
590 0.00683
757 0.005146
719 0.0064
667 0.005252
634 0.007093
794 0.005516
732 0.006139
697 0.006753
688 0.005082
791 0.005892
714 0.01101
656 0.007588
642 0.007066
633 0.004825
621 0.005125
784 0.007811
764 0.008224
745 0.005815
687 0.007302
809 0.008553
714 0.007708
670 0.005061
641 0.01313
759 0.006044
692 0.007128
652 0.007585
645 0.004926
641 0.005705
747 0.00865
684 0.007207
645 0.004821
790 0.005757
740 0.00909
708 0.007273
680 0.007458
635 0.004864
716 0.005121
617 0.004998
539 0.004857
528 0.004883
522 0.005644
556 0.007079
569 0.005968
593 0.006529
749 0.005466
707 0.006232
695 0.007559
671 0.007551
789 0.005855
680 0.00631
648 0.007053
631 0.006937
755 0.006138
696 0.00545
702 0.005757
692 0.007723
626 0.007318
698 0.006797
562 0.005463
463 0.007179
540 0.007946
491 0.006294
471 0.007298
444 0.00362
435 0.003672
523 0.006548
519 0.006364
499 0.004295
507 0.005828
640 0.008399
624 0.007343
569 0.004977
547 0.005557
511 0.006659
497 0.006425
480 0.006189
573 0.007066
539 0.005393
523 0.004281
527 0.006225
543 0.007855
547 0.006031
653 0.005096
579 0.005243
502 0.003931
458 0.006819
438 0.007546
429 0.005278
558 0.004304
582 0.007339
725 0.009464
720 0.008401
643 0.005181
568 0.009555
542 0.007478
623 0.006964
545 0.005091
480 0.004323
584 0.00708
530 0.004944
608 0.008052
607 0.004819
677 0.0104
662 0.007262
671 0.007578
651 0.004726
638 0.005206
734 0.007936
684 0.00754
642 0.006074
638 0.004862
606 0.005189
579 0.004385
556 0.006565
645 0.004797
609 0.009253
541 0.006534
512 0.005017
478 0.003734
602 0.01012
598 0.006596
590 0.006298
604 0.004673
584 0.007817
717 0.009062
661 0.005231
669 0.01066
632 0.007515
605 0.009784
577 0.005236
683 0.009958
610 0.005184
561 0.005547
524 0.006563
517 0.007388
632 0.004987
589 0.004415
549 0.009104
555 0.006384
567 0.00541
591 0.004217
579 0.004669
741 0.007281
708 0.007042
677 0.006647
630 0.007405
612 0.00684
566 0.006816
553 0.004502
519 0.005327
496 0.007103
608 0.007025
702 0.005583
701 0.005475
691 0.007498
608 0.005075
533 0.005664
653 0.005713
692 0.007199
691 0.008603
789 0.006669
683 0.005186
616 0.005627
611 0.006993
601 0.007162
563 0.006659
665 0.00493
764 0.006313
738 0.008662
707 0.007892
659 0.004624
614 0.004448
624 0.004216
658 0.007784
707 0.007571
879 0.009085
844 0.005422
996 0.00864
987 0.01088
963 0.006919
883 0.00919
829 0.008371
797 0.007621
722 0.006923
805 0.006854
713 0.005234
693 0.005319
660 0.007473
631 0.00463
717 0.009726
683 0.009591
652 0.006964
666 0.007055
666 0.006343
675 0.004827
689 0.007633
720 0.006666
903 0.00904
842 0.008721
774 0.00769
714 0.007298
663 0.006026
655 0.006392
802 0.007619
765 0.007764
680 0.005068
645 0.007354
766 0.00877
691 0.00575
625 0.005154
589 0.007871
572 0.008016
521 0.004388
498 0.004035
616 0.005049
595 0.005472
578 0.004853
551 0.005192
563 0.006618
566 0.007909
571 0.004506
555 0.004295
676 0.00954
760 0.009718
757 0.005694
726 0.005928
678 0.008376
684 0.007726
755 0.008849
659 0.005407
535 0.004567
490 0.006801
575 0.005366
651 0.004697
789 0.007661
816 0.006073
745 0.006604
675 0.005981
726 0.009157
713 0.00512
757 0.009946
913 0.006395
852 0.008453
858 0.007895
878 0.005782
866 0.0082
828 0.00565
810 0.005054
851 0.007909
1008 0.009965
862 0.007539
966 0.006391
968 0.006103
1021 0.008854
967 0.007983
903 0.007726
825 0.00528
992 0.006536
954 0.008394
903 0.007114
857 0.005655
815 0.005148
763 0.008337
714 0.007274
837 0.01108
755 0.005918
706 0.005714
700 0.007503
857 0.006423
830 0.005921
783 0.01266
900 0.006897
843 0.006128
929 0.009576
903 0.006391
1053 0.006924
1031 0.009517
931 0.00901
887 0.007336
1002 0.006899
936 0.01146
859 0.007572
838 0.007209
828 0.007874
827 0.008607
789 0.004984
1005 0.006798
981 0.007137
880 0.007916
750 0.007263
635 0.00448
571 0.007306
565 0.006023
679 0.008413
634 0.004671
721 0.01074
713 0.00732
699 0.005765
658 0.005247
673 0.005738
806 0.009308
769 0.006227
696 0.005947
657 0.005607
739 0.007585
684 0.007989
768 0.007775
714 0.00585
676 0.006586
633 0.008025
604 0.005043
719 0.005588
684 0.005911
641 0.01072
611 0.004807
602 0.004611
591 0.004647
575 0.007471
599 0.006164
601 0.006034
610 0.004656
596 0.008025
758 0.007487
730 0.005366
694 0.007795
704 0.006846
724 0.00623
769 0.004814
942 0.0124
917 0.006254
846 0.006494
776 0.005154
954 0.009409
1000 0.009545
977 0.008646
932 0.006389
837 0.006037
817 0.008137
879 0.006149
1055 0.01453
1043 0.007136
996 0.01001
991 0.006044
976 0.006591
950 0.006941
1150 0.01323
1103 0.007065
1046 0.009369
985 0.006775
966 0.006121
921 0.00987
886 0.007368
1073 0.007431
1028 0.006616
920 0.006448
832 0.007977
973 0.008501
900 0.005634
834 0.006859
988 0.006952
925 0.008722
882 0.006124
809 0.00533
956 0.009411
867 0.009
759 0.007422
848 0.00609
752 0.006637
673 0.007736
745 0.007899
743 0.005758
774 0.009122
709 0.007339
610 0.005014
575 0.007445
568 0.005387
616 0.00794
662 0.006992
808 0.005725
889 0.007004
897 0.007369
816 0.007865
745 0.00812
703 0.005718
675 0.007904
620 0.007314
614 0.007051
608 0.004286
618 0.004387
635 0.006222
650 0.006443
660 0.005731
645 0.004747
818 0.006929
792 0.007875
767 0.007658
750 0.005706
748 0.006209
697 0.006958
678 0.007424
681 0.004815
703 0.005267
713 0.007178
701 0.007034
846 0.007124
947 0.006891
888 0.008602
826 0.006448
766 0.005834
728 0.0057
674 0.007302
662 0.008692
728 0.007396
829 0.006317
800 0.006336
733 0.008591
681 0.007509
661 0.00528
654 0.004831
620 0.008041
609 0.006729
710 0.006307
663 0.005195
617 0.00531
595 0.006614
515 0.005705
577 0.004999
534 0.005638
553 0.004731
519 0.004662
541 0.005413
568 0.008112
703 0.005538
822 0.008904
819 0.006241
784 0.009056
759 0.007963
759 0.008752
734 0.005389
795 0.006152
708 0.008269
672 0.008669
665 0.006356
653 0.004893
606 0.008173
597 0.004391
593 0.009327
649 0.005279
691 0.005032
735 0.009672
895 0.005996
871 0.007555
833 0.005266
778 0.008415
739 0.004934
724 0.007275
706 0.008957
675 0.008785
669 0.008689
760 0.005134
888 0.006388
867 0.007394
756 0.005834
721 0.007498
753 0.008479
896 0.01357
864 0.0103
826 0.006169
856 0.008863
858 0.009391
914 0.006207
895 0.005883
862 0.006643
822 0.007036
796 0.007722
731 0.005061
849 0.005895
824 0.007787
769 0.00749
718 0.007495
647 0.005029
622 0.007847
597 0.004828
606 0.008279
699 0.005317
819 0.006772
753 0.005828
666 0.006956
621 0.007933
691 0.005594
663 0.005196
619 0.007141
592 0.004883
602 0.005023
599 0.005104
741 0.005814
702 0.007288
725 0.007149
738 0.007388
723 0.005373
717 0.004755
724 0.007105
931 0.008311
927 0.008413
859 0.005568
826 0.005409
993 0.008881
973 0.008186
962 0.009154
918 0.006059
868 0.005925
817 0.01038
779 0.008119
734 0.007867
724 0.005006
709 0.004554
704 0.007068
688 0.008048
671 0.006718
667 0.004862
662 0.006833
647 0.006788
604 0.005405
627 0.005405
769 0.007823
916 0.006193
946 0.006805
1062 0.009262
988 0.009529
887 0.008371
813 0.006038
829 0.009559
769 0.008176
719 0.007779
702 0.005593
664 0.00695
594 0.004786
511 0.004441
576 0.006897
601 0.005795
600 0.005189
633 0.006679
630 0.008753
593 0.004521
607 0.00807
639 0.00746
674 0.004892
672 0.004809
824 0.005545
741 0.005095
650 0.005034
688 0.01123
864 0.00769
879 0.009961
899 0.00906
934 0.01113
922 0.005969
1136 0.01416
1113 0.007712
1115 0.007221
1117 0.006956
1133 0.009322
1135 0.008678
1080 0.008088
1034 0.006264
1003 0.007545
1018 0.005705
1233 0.01017
1180 0.00779
1120 0.006891
1055 0.006511
999 0.007384
1207 0.007645
1104 0.009273
1254 0.01034
1196 0.007501
1122 0.007253
1062 0.007533
1004 0.008785
1101 0.008402
979 0.006527
856 0.009516
855 0.005793
907 0.0121
852 0.006363
865 0.007983
842 0.01294
859 0.006346
830 0.006762
845 0.005878
925 0.006609
868 0.008473
1002 0.01144
969 0.007712
920 0.006565
919 0.01083
894 0.008034
970 0.006968
994 0.009372
999 0.008704
1010 0.006917
928 0.007826
866 0.007356
849 0.007772
820 0.005605
783 0.005419
783 0.007397
819 0.007787
1070 0.007134
1008 0.006924
900 0.007925
813 0.006525
979 0.008187
932 0.009361
873 0.00697
1015 0.007241
919 0.008087
794 0.008837
700 0.008395
750 0.007074
689 0.007192
651 0.007208
642 0.009456
648 0.005062
598 0.007974
581 0.004891
705 0.005437
738 0.005749
731 0.008776
686 0.008288
664 0.007975
660 0.005439
668 0.00488
668 0.007565
695 0.007208
683 0.006628
648 0.004769
741 0.007767
706 0.007404
645 0.00532
662 0.005277
641 0.008677
799 0.00911
785 0.00868
765 0.005781
740 0.008353
720 0.007558
688 0.007373
678 0.004747
829 0.005908
798 0.007754
739 0.007259
687 0.004994
700 0.00744
713 0.007573
711 0.004848
882 0.008698
866 0.007977
849 0.008477
829 0.005496
819 0.005863
804 0.006834
824 0.007575
830 0.006247
980 0.006482
936 0.00823
918 0.008169
885 0.00867
844 0.005635
797 0.0057
790 0.004872
783 0.008248
954 0.009773
872 0.007361
783 0.005506
737 0.006517
668 0.006837
682 0.00715
692 0.005044
672 0.004586
627 0.007392
764 0.01106
727 0.008868
702 0.00484
690 0.007598
691 0.00617
714 0.007588
725 0.004688
731 0.005165
714 0.007731
923 0.008075
910 0.008416
892 0.005519
867 0.00608
870 0.006005
869 0.009276
880 0.008067
1103 0.007232
1059 0.007766
976 0.005843
922 0.008999
870 0.00509
1037 0.006464
979 0.008345
897 0.007793
824 0.009531
735 0.00517
652 0.00764
618 0.007676
765 0.007368
785 0.005993
755 0.00567
717 0.007333
656 0.006557
783 0.005892
720 0.005504
682 0.007701
679 0.00832
812 0.00944
757 0.005717
700 0.008455
701 0.008112
699 0.007788
696 0.004955
688 0.004955
815 0.008458
776 0.008298
922 0.006697
860 0.006854
831 0.006222
729 0.009011
702 0.007075
659 0.004803
647 0.008099
759 0.008763
731 0.007505
696 0.004808
864 0.008391
828 0.008258
788 0.007861
712 0.005207
644 0.008283
582 0.007793
663 0.007034
618 0.005832
602 0.005496
580 0.007535
555 0.004402
546 0.004403
547 0.007503
552 0.00706
525 0.004121
668 0.005468
672 0.007145
666 0.009368
651 0.006961
631 0.004579
771 0.01005
724 0.007873
654 0.004817
610 0.004621
600 0.006862
602 0.008356
751 0.008736
702 0.005302
658 0.004984
636 0.007131
642 0.006957
641 0.005958
679 0.004408
670 0.007782
793 0.007648
687 0.004889
595 0.005114
552 0.008043
521 0.00759
512 0.004151
633 0.004999
598 0.007004
573 0.006813
544 0.005554
545 0.004616
548 0.004256
575 0.00712
704 0.005144
650 0.0065
588 0.004861
567 0.004763
580 0.005135
571 0.004494
690 0.004922
666 0.005061
683 0.007548
710 0.007682
681 0.005275
667 0.004792
626 0.007302
776 0.009582
710 0.005317
680 0.006182
664 0.008178
649 0.005703
662 0.004979
626 0.005587
575 0.007272
529 0.007051
657 0.005162
585 0.004531
520 0.006145
497 0.006471
611 0.004916
693 0.005782
690 0.007603
678 0.006468
678 0.005089
674 0.005685
679 0.007633
828 0.008896
764 0.005659
723 0.005438
649 0.008714
615 0.006746
595 0.00692
615 0.004482
619 0.004726
606 0.006715
583 0.008249
756 0.005759
767 0.009595
799 0.008121
769 0.005539
740 0.005124
696 0.006761
719 0.005061
650 0.004345
617 0.007254
647 0.006746
832 0.006839
977 0.006908
929 0.008816
874 0.008584
839 0.008732
796 0.005595
917 0.00697
852 0.008387
839 0.005846
1012 0.007687
974 0.009528
859 0.007006
738 0.006827
677 0.004901
647 0.00781
769 0.008492
706 0.005269
693 0.00835
690 0.006529
871 0.006116
841 0.006533
788 0.008602
734 0.008778
702 0.00514
687 0.007368
673 0.005284
678 0.004486
702 0.004755
698 0.006619
675 0.007119
817 0.007824
802 0.005014
819 0.005708
839 0.007443
811 0.008293
786 0.005127
780 0.005487
754 0.00739
906 0.009755
828 0.005692
710 0.005435
656 0.004882
672 0.006307
712 0.006942
718 0.007926
858 0.007616
761 0.006561
728 0.005125
695 0.008143
678 0.008503
645 0.007727
607 0.004461
732 0.008108
700 0.007561
683 0.006928
659 0.004792
653 0.005276
670 0.007311
848 0.00558
858 0.005945
836 0.007857
803 0.009951
806 0.006026
765 0.005126
758 0.007086
702 0.004802
677 0.009471
666 0.005884
694 0.004595
905 0.006474
866 0.009278
803 0.005016
769 0.008126
816 0.006587
776 0.006584
919 0.008757
845 0.007343
961 0.007242
840 0.006259
766 0.008191
731 0.008156
653 0.005493
636 0.005084
768 0.007654
742 0.008284
688 0.007808
694 0.006233
668 0.005032
786 0.005529
692 0.007621
617 0.007301
718 0.006247
674 0.004745
642 0.004871
606 0.007754
600 0.005315
750 0.005335
751 0.005167
726 0.007954
709 0.00496
848 0.00587
831 0.005261
824 0.008081
791 0.007672
791 0.005611
752 0.005368
902 0.00937
868 0.007826
908 0.006233
892 0.008032
856 0.008325
788 0.005285
759 0.004834
895 0.005901
848 0.007594
815 0.009405
809 0.004941
759 0.004612
730 0.007445
733 0.007215
738 0.006898
715 0.004598
668 0.00733
654 0.006521
677 0.007171
682 0.004653
651 0.0045
572 0.004276
530 0.004546
489 0.0103
466 0.006141
587 0.007271
631 0.004451
615 0.004967
629 0.007763
769 0.008315
757 0.006949
760 0.005255
910 0.006344
862 0.00764
814 0.006359
794 0.00533
729 0.005445
818 0.006143
695 0.007328
747 0.004879
910 0.005948
862 0.005413
777 0.008414
769 0.007221
760 0.004847
720 0.007371
726 0.004366
704 0.006801
697 0.004627
848 0.009355
831 0.004673
1027 0.006253
1052 0.007632
1017 0.006733
1155 0.0123
1104 0.008092
1011 0.01221
938 0.006833
900 0.01234
896 0.006302
1047 0.00925
1026 0.007786
1051 0.008645
1122 0.009463
1053 0.008886
1189 0.008631
1100 0.007827
998 0.006868
910 0.007617
940 0.007108
1062 0.007067
1050 0.007789
1055 0.00861
953 0.008399
886 0.006941
859 0.005523
1060 0.006592
1194 0.01024
1130 0.008917
994 0.005904
896 0.006145
782 0.007676
879 0.007987
761 0.005331
739 0.006175
662 0.005048
726 0.005215
676 0.007432
602 0.006418
598 0.004647
640 0.007338
591 0.006716
520 0.006828
543 0.004721
608 0.005262
541 0.006156
508 0.006799
487 0.02721
522 0.008554
489 0.007322
588 0.005167
588 0.004247
547 0.004747
504 0.006697
456 0.006742
431 0.00368
421 0.003651
460 0.005759
515 0.006466
541 0.003973
667 0.005165
613 0.007118
576 0.004816
527 0.00628
624 0.004864
570 0.005091
510 0.006578
454 0.006683
436 0.004102
444 0.003671
572 0.006934
560 0.006864
548 0.005427
542 0.004723
539 0.007206
498 0.006923
465 0.003851
560 0.004806
526 0.004749
508 0.005081
518 0.007689
510 0.005521
523 0.004072
504 0.004097
627 0.006422
576 0.007408
569 0.005137
557 0.004783
539 0.007918
504 0.006853
469 0.006364
438 0.003862
422 0.003839
412 0.005738
399 0.006008
405 0.004132
413 0.003484
410 0.005682
408 0.004617
415 0.004678
455 0.003636
500 0.005853
630 0.007165
673 0.007182
731 0.00595
711 0.006397
643 0.006006
608 0.007991
561 0.007916
608 0.007668
621 0.005648
609 0.007226
599 0.004738
584 0.004971
588 0.007438
647 0.008243
571 0.004717
490 0.003985
447 0.007053
413 0.007378
481 0.004361
429 0.004227
359 0.006552
323 0.006164
312 0.003274
333 0.003434
354 0.006858
436 0.003917
413 0.006341
365 0.005035
316 0.004913
305 0.003156
322 0.00759
400 0.0064
393 0.003776
393 0.00345
390 0.003836
371 0.003537
351 0.00542
355 0.005564
446 0.005277
442 0.00413
406 0.003967
499 0.00699
464 0.004597
428 0.004218
418 0.00621
404 0.006156
376 0.004893
361 0.003798
355 0.005895
364 0.006458
363 0.003539
362 0.006258
358 0.004618
430 0.003914
384 0.005344
379 0.005205
356 0.006446
429 0.004329
489 0.008401
470 0.006778
459 0.00716
443 0.004454
425 0.004018
398 0.003928
428 0.005839
386 0.004616
381 0.003824
398 0.006344
401 0.003962
378 0.00378
358 0.003743
341 0.005281
406 0.006916
387 0.003224
363 0.005712
354 0.00645
343 0.005616
427 0.004008
429 0.006372
501 0.006638
472 0.00549
421 0.003854
406 0.009414
374 0.004878
371 0.009447
379 0.003766
470 0.007427
475 0.007728
473 0.004129
506 0.008399
552 0.004121
549 0.003799
565 0.008611
594 0.004072
694 0.004555
783 0.004541
851 0.004663
824 0.006787
1093 0.007421
1131 0.006115
1124 0.00803
1102 0.008399
1067 0.006172
1018 0.005608
958 0.006376
971 0.006527
949 0.007723
1174 0.006802
1082 0.007242
1010 0.009545
955 0.005635
915 0.005457
1066 0.009069
1213 0.01108
1135 0.008054
1275 0.01278
1143 0.01091
1026 0.009051
955 0.006738
914 0.009071
935 0.008851
878 0.006212
969 0.007796
916 0.007099
855 0.008236
806 0.008448
759 0.005737
868 0.009024
822 0.008086
774 0.008154
728 0.006037
810 0.008067
738 0.007034
672 0.005428
627 0.004707
591 0.004671
554 0.006591
645 0.006691
622 0.004862
590 0.004479
593 0.006819
581 0.006612
694 0.006816
668 0.00767
626 0.004897
612 0.006182
605 0.005479
588 0.004147
574 0.007999
699 0.006643
664 0.005048
597 0.005115
576 0.005576
576 0.008411
722 0.007413
711 0.00534
672 0.007384
584 0.00803
528 0.006071
490 0.003927
498 0.004062
599 0.008986
569 0.007045
534 0.004766
535 0.006742
532 0.006516
547 0.004343
567 0.004371
562 0.005783
732 0.007696
699 0.004945
661 0.00777
644 0.007259
633 0.00467
633 0.004294
773 0.008672
712 0.007927
689 0.005166
645 0.005101
591 0.006788
535 0.007818
484 0.004182
564 0.004757
519 0.007548
560 0.007265
575 0.004589
733 0.005506
794 0.008158
746 0.005727
735 0.005838
723 0.005123
673 0.008561
579 0.005534
659 0.005072
612 0.004707
635 0.008226
625 0.006351
749 0.006057
691 0.005111
634 0.007256
624 0.008638
617 0.004294
745 0.004663
728 0.008387
691 0.006723
711 0.007752
710 0.00489
699 0.004758
682 0.007944
700 0.00663
685 0.006378
702 0.005004
887 0.005805
862 0.006561
803 0.007518
764 0.005553
732 0.004697
685 0.004991
623 0.007539
578 0.005909
542 0.005909
533 0.00457
519 0.007004
511 0.003858
508 0.004001
548 0.004376
683 0.004698
810 0.008307
812 0.007387
783 0.007946
692 0.005338
800 0.007438
717 0.008496
649 0.004536
613 0.005095
712 0.005894
669 0.00626
606 0.006698
573 0.005035
694 0.005651
681 0.008647
637 0.006901
583 0.004988
547 0.005236
651 0.008272
617 0.007382
624 0.004952
597 0.004534
575 0.007117
547 0.00757
519 0.004705
628 0.005867
571 0.007093
554 0.00506
569 0.004691
575 0.004498
686 0.006874
637 0.005179
590 0.004672
576 0.00758
529 0.007343
512 0.004164
512 0.005055
525 0.006897
540 0.006355
514 0.00722
513 0.005437
540 0.00386
694 0.004977
702 0.007189
874 0.009148
837 0.00573
771 0.006096
722 0.00658
684 0.00768
783 0.005867
711 0.007583
635 0.005397
615 0.008665
721 0.005559
695 0.005181
672 0.004687
782 0.006322
683 0.005633
624 0.00519
591 0.007013
690 0.00787
621 0.004998
734 0.005566
701 0.007428
682 0.007487
655 0.004915
813 0.007437
777 0.006651
703 0.007005
772 0.005892
708 0.008237
578 0.006553
510 0.004572
484 0.004024
476 0.006516
596 0.005985
539 0.004316
507 0.006742
478 0.004181
594 0.0048
556 0.004196
517 0.007392
501 0.004207
517 0.004237
637 0.007163
607 0.007464
536 0.004484
505 0.00416
488 0.00572
470 0.006258
485 0.003833
601 0.004828
532 0.006395
463 0.003999
560 0.005202
507 0.006798
505 0.006737
498 0.004662
493 0.005453
480 0.00642
538 0.004671
483 0.00422
465 0.006962
482 0.004176
564 0.004869
581 0.007815
647 0.006803
641 0.005317
599 0.005105
513 0.007033
537 0.007334
561 0.007522
531 0.004339
525 0.007165
515 0.00415
598 0.005836
615 0.005269
673 0.007709
601 0.004428
575 0.006387
520 0.005706
478 0.003759
515 0.004189
492 0.007782
456 0.006552
450 0.003759
426 0.003532
401 0.007482
488 0.003996
568 0.006258
581 0.006184
621 0.004555
591 0.004271
530 0.007788
500 0.00836
486 0.003794
454 0.006548
451 0.005105
450 0.003807
554 0.005972
531 0.007462
509 0.006147
490 0.004227
460 0.004196
436 0.004454
525 0.006671
575 0.00739
548 0.007522
521 0.008109
488 0.006857
502 0.006892
511 0.005191
638 0.005407
612 0.004935
567 0.007115
543 0.004688
609 0.007873
562 0.006024
495 0.004228
463 0.004478
420 0.005905
403 0.006552
364 0.003555
455 0.004077
415 0.006913
501 0.005607
562 0.004948
510 0.007661
505 0.006966
501 0.006252
594 0.004802
664 0.008159
648 0.005102
646 0.005312
580 0.004812
625 0.004903
575 0.006949
546 0.006162
486 0.00382
421 0.005995
525 0.007399
521 0.005869
592 0.004957
619 0.007042
573 0.004895
520 0.007203
507 0.004181
567 0.005242
561 0.007641
626 0.008141
566 0.006884
536 0.004211
515 0.00489
510 0.006347
484 0.007798
555 0.004505
509 0.004207
473 0.007532
462 0.006039
477 0.003837
493 0.004081
512 0.003864
540 0.007348
551 0.003965
712 0.005795
709 0.007609
663 0.007822
637 0.004517
610 0.007705
738 0.007247
652 0.005343
600 0.00493
585 0.007795
609 0.004272
642 0.00484
808 0.006615
775 0.008124
745 0.005093
730 0.005139
737 0.006917
900 0.008802
846 0.007917
749 0.005211
670 0.005047
617 0.008116
628 0.007192
791 0.005759
793 0.005837
752 0.007567
737 0.007436
691 0.00564
686 0.005224
819 0.006283
903 0.009661
817 0.007833
793 0.006359
766 0.006802
723 0.008839
678 0.005329
615 0.005124
619 0.007788
766 0.008369
737 0.007288
656 0.004981
587 0.004444
557 0.006162
641 0.005311
585 0.007707
491 0.005745
457 0.004254
431 0.003691
534 0.006235
524 0.00448
512 0.004133
527 0.006229
536 0.00447
541 0.00773
564 0.006643
588 0.004206
752 0.005391
905 0.008402
894 0.007253
881 0.006758
856 0.006131
816 0.006922
756 0.00818
715 0.005523
708 0.006144
698 0.006996
699 0.007727
856 0.006734
864 0.006262
867 0.007013
852 0.006123
817 0.01948
786 0.007633
786 0.005493
764 0.006877
692 0.005345
647 0.007828
639 0.005887
630 0.004901
619 0.004874
588 0.005942
585 0.004103
753 0.007974
913 0.008287
992 0.006161
979 0.006553
921 0.008602
790 0.005216
922 0.006664
838 0.009168
853 0.007699
780 0.005749
692 0.008744
645 0.00469
617 0.004783
746 0.008271
725 0.008035
713 0.005182
828 0.006089
799 0.007814
826 0.005741
840 0.006041
834 0.009836
790 0.005302
770 0.005202
929 0.00792
867 0.00737
793 0.006433
775 0.0053
745 0.007772
772 0.006726
988 0.006207
958 0.008017
882 0.008443
867 0.008458
862 0.005408
844 0.005126
792 0.00743
796 0.0071
790 0.00545
785 0.005439
776 0.00501
776 0.006594
776 0.005158
970 0.006154
965 0.008377
961 0.006231
952 0.01036
929 0.005619
872 0.00551
1014 0.006702
924 0.008632
1026 0.007118
970 0.006752
857 0.006497
798 0.008322
841 0.006728
775 0.006138
723 0.00847
702 0.005349
785 0.00592
709 0.007075
663 0.006945
646 0.006742
633 0.007467
632 0.00483
757 0.005575
714 0.006862
683 0.007923
805 0.005518
786 0.008342
708 0.005502
685 0.005128
652 0.005109
626 0.006651
730 0.007729
877 0.006594
894 0.006719
884 0.009193
809 0.008932
739 0.005574
688 0.006418
678 0.006776
808 0.006802
747 0.005261
682 0.006751
662 0.006548
663 0.005111
810 0.005956
784 0.007828
772 0.008129
769 0.00605
724 0.007353
690 0.006149
635 0.005356
619 0.007243
614 0.005478
610 0.004475
619 0.004586
799 0.008149
783 0.0086
767 0.004718
750 0.004835
744 0.00693
791 0.006773
797 0.005185
801 0.007795
768 0.004345
789 0.007277
941 0.006325
879 0.008826
965 0.006629
912 0.006917
873 0.005881
814 0.005815
796 0.00573
811 0.007228
828 0.007788
836 0.007623
980 0.00603
913 0.00731
827 0.007623
978 0.005992
910 0.005487
1075 0.01162
1051 0.008874
982 0.008286
893 0.005723
981 0.006333
927 0.006873
876 0.007472
867 0.006145
1045 0.009785
1010 0.009473
945 0.00829
1096 0.01107
1055 0.007801
1011 0.009398
925 0.007346
864 0.009236
967 0.009642
861 0.01058
804 0.005395
788 0.01008
741 0.005558
732 0.005416
679 0.007362
763 0.005441
675 0.005497
636 0.005379
676 0.004974
661 0.007386
683 0.006143
661 0.004548
657 0.005119
617 0.008171
656 0.006195
640 0.004427
617 0.004293
569 0.004197
566 0.007727
631 0.005518
781 0.00572
723 0.007637
654 0.008094
644 0.005728
622 0.004244
591 0.00429
587 0.008029
688 0.004969
785 0.009337
771 0.005936
751 0.008338
740 0.005749
710 0.01017
673 0.004975
627 0.006681
622 0.004984
650 0.006231
621 0.004423
632 0.009637
762 0.005076
735 0.007078
732 0.007257
727 0.004696
870 0.005553
1000 0.009942
1012 0.00818
1047 0.00662
1006 0.006598
941 0.007247
939 0.008297
913 0.005713
897 0.005694
856 0.007302
1062 0.007611
1050 0.008541
987 0.00823
919 0.006757
1085 0.00734
957 0.008068
1047 0.007984
1020 0.007083
910 0.008163
826 0.005676
949 0.009584
878 0.00898
836 0.008489
776 0.006112
715 0.007664
783 0.008069
707 0.005056
790 0.006129
757 0.009042
682 0.005276
621 0.005161
619 0.006899
727 0.005372
733 0.005667
660 0.009134
784 0.007096
748 0.005503
719 0.006691
819 0.008744
753 0.005017
715 0.008386
679 0.006432
662 0.007987
680 0.004617
811 0.008527
870 0.006281
817 0.006643
737 0.005796
658 0.005057
582 0.008067
564 0.006197
589 0.004365
589 0.005132
723 0.007298
669 0.004829
654 0.004745
779 0.007507
753 0.006465
715 0.004977
682 0.007134
688 0.008044
700 0.004884
830 0.007527
785 0.007464
917 0.006526
888 0.006399
813 0.007734
732 0.008173
682 0.004755
659 0.005234
649 0.007312
794 0.007469
766 0.005288
696 0.00648
650 0.007688
778 0.005349
758 0.005675
751 0.005294
803 0.005217
818 0.005276
1008 0.008453
957 0.007228
886 0.006745
832 0.007276
747 0.009574
734 0.005031
734 0.005122
749 0.008313
916 0.006036
876 0.007244
837 0.007865
798 0.005023
771 0.005312
743 0.008196
711 0.00687
716 0.004837
700 0.004424
716 0.006541
720 0.006181
695 0.004299
695 0.006968
703 0.00436
737 0.004031
940 0.005458
1084 0.008969
1079 0.0088
1050 0.006963
978 0.006238
872 0.008183
993 0.0091
917 0.009129
862 0.006019
945 0.009175
880 0.008934
840 0.008743
792 0.008643
734 0.008462
848 0.006456
809 0.008518
712 0.007525
848 0.006208
801 0.006267
810 0.008264
832 0.007985
835 0.005882
973 0.006663
949 0.008456
918 0.007405
873 0.006239
842 0.007824
826 0.007231
989 0.006831
906 0.006362
825 0.005831
772 0.005232
729 0.005156
726 0.006022
720 0.007738
734 0.004816
726 0.005157
888 0.006005
845 0.005853
770 0.005704
932 0.006678
894 0.008285
833 0.006391
830 0.006478
811 0.007904
799 0.005679
773 0.00774
935 0.008377
871 0.005895
794 0.005653
757 0.008415
713 0.007993
841 0.006335
773 0.005584
758 0.006909
715 0.007231
671 0.004984
635 0.00677
637 0.008113
761 0.005744
700 0.005153
673 0.007466
652 0.008223
799 0.006388
788 0.005927
764 0.005949
696 0.00526
672 0.007302
646 0.007024
658 0.004949
653 0.004807
661 0.007318
827 0.008368
787 0.004861
744 0.005693
736 0.007928
723 0.007973
700 0.005403
700 0.006114
702 0.007836
738 0.004889
754 0.004955
754 0.006387
743 0.006489
889 0.006635
825 0.00798
757 0.005647
891 0.006267
796 0.006095
752 0.008208
729 0.009415
873 0.006406
793 0.006057
729 0.005715
662 0.007402
766 0.008949
785 0.005984
677 0.005516
585 0.006957
516 0.006766
473 0.004361
508 0.004085
661 0.006691
633 0.007179
558 0.004304
516 0.007975
604 0.006949
591 0.004289
595 0.00434
762 0.007202
775 0.008284
752 0.005014
706 0.006821
794 0.009148
728 0.004766
659 0.00461
640 0.0069
617 0.006545
633 0.004053
642 0.004071
649 0.006192
645 0.004513
649 0.00482
648 0.007575
848 0.005108
836 0.005491
773 0.007442
892 0.009695
759 0.005662
793 0.006311
741 0.007884
690 0.005222
642 0.005458
692 0.008221
631 0.007545
608 0.004811
619 0.004522
616 0.004631
646 0.00618
804 0.005704
782 0.008066
748 0.008128
691 0.006925
838 0.005709
777 0.00821
708 0.007312
679 0.004967
659 0.008068
649 0.007659
637 0.004656
618 0.004371
603 0.006226
638 0.007458
787 0.005641
765 0.005294
717 0.007623
685 0.007351
644 0.004446
671 0.006952
873 0.007471
883 0.007482
852 0.005887
1002 0.009149
916 0.007839
855 0.006053
785 0.007771
748 0.005449
715 0.005218
833 0.008194
920 0.01048
872 0.006215
868 0.006858
826 0.008181
793 0.005792
795 0.00891
898 0.008535
794 0.005984
644 0.007506
550 0.007915
577 0.004747
622 0.005115
582 0.004612
562 0.00905
550 0.004738
671 0.005534
688 0.00862
703 0.007445
669 0.005334
776 0.006632
874 0.009347
863 0.00692
849 0.005751
854 0.007073
856 0.008717
999 0.007037
930 0.006478
835 0.006084
799 0.005676
802 0.006062
787 0.007337
898 0.005979
848 0.005442
808 0.007375
812 0.009259
755 0.005143
729 0.005158
698 0.007319
655 0.004746
631 0.004516
574 0.005732
584 0.004282
577 0.004412
705 0.004823
644 0.006704
613 0.007738
635 0.004174
675 0.006821
651 0.007391
791 0.005307
732 0.005515
668 0.007279
629 0.007096
595 0.004785
567 0.004573
518 0.006794
498 0.00708
628 0.004808
646 0.01579
654 0.008659
650 0.005124
630 0.005308
611 0.007642
585 0.007015
560 0.004472
538 0.008029
536 0.004539
692 0.004978
830 0.006211
820 0.007936
826 0.00754
786 0.005448
722 0.005256
668 0.007172
580 0.006889
673 0.005294
588 0.008464
539 0.006598
486 0.004508
547 0.004824
534 0.00684
515 0.004672
529 0.006312
539 0.004288
637 0.005304
655 0.007862
646 0.006205
637 0.004492
620 0.004456
614 0.00714
635 0.007658
668 0.004821
627 0.004693
799 0.007607
769 0.006639
742 0.005134
863 0.008055
727 0.006417
637 0.00488
613 0.004682
649 0.006306
694 0.004616
717 0.005212
705 0.007146
674 0.006256
651 0.005159
814 0.005585
769 0.008627
669 0.007256
638 0.005
803 0.005492
864 0.006246
948 0.007135
792 0.008357
870 0.009358
849 0.006058
824 0.006161
831 0.008386
829 0.007687
824 0.005378
818 0.005749
803 0.007491
794 0.01139
805 0.005437
793 0.005468
988 0.006658
887 0.00992
815 0.006487
748 0.004978
914 0.009193
1050 0.01014
979 0.008223
850 0.006604
729 0.008193
638 0.00505
630 0.005063
750 0.008124
716 0.005476
665 0.005489
625 0.005183
655 0.007641
761 0.005973
720 0.005518
697 0.008587
671 0.005101
690 0.004872
708 0.007543
792 0.008185
719 0.005376
636 0.004916
603 0.006492
602 0.006774
598 0.004471
774 0.007776
781 0.005595
718 0.005268
656 0.005516
609 0.006296
575 0.005427
512 0.00637
594 0.005685
543 0.004845
522 0.004157
511 0.007425
516 0.004404
614 0.005555
560 0.006633
499 0.007216
475 0.00432
458 0.004379
525 0.007186
477 0.005166
483 0.004143
480 0.006496
574 0.008491
522 0.004293
521 0.004801
543 0.00738
679 0.008249
679 0.005744
643 0.004779
611 0.00735
610 0.008212
616 0.004639
771 0.005685
718 0.005454
653 0.005539
591 0.004789
569 0.006936
592 0.008229
621 0.007451
760 0.005202
746 0.005407
703 0.007447
690 0.006413
708 0.005978
750 0.005425
764 0.00482
734 0.006575
676 0.004497
598 0.004613
693 0.006213
652 0.008821
585 0.004483
525 0.006982
485 0.00656
445 0.004204
419 0.008617
410 0.006085
426 0.004198
438 0.005253
477 0.003979
515 0.006687
591 0.006629
637 0.004893
662 0.004539
657 0.006203
674 0.007094
612 0.004222
548 0.003739
501 0.006811
510 0.004559
494 0.00365
507 0.004136
514 0.005523
547 0.005821
559 0.003775
592 0.006059
598 0.006947
606 0.00422
595 0.004105
615 0.005813
769 0.005687
713 0.004764
650 0.007373
596 0.006595
688 0.004781
624 0.007469
562 0.004573
533 0.004554
539 0.004464
535 0.004322
687 0.007328
678 0.005538
644 0.005167
653 0.007671
642 0.007604
642 0.004816
626 0.004893
601 0.006814
590 0.0073
679 0.004984
624 0.004964
538 0.005574
501 0.007179
612 0.00501
587 0.004643
551 0.006388
515 0.004601
504 0.004404
522 0.007565
524 0.006317
544 0.004368
525 0.004056
480 0.004043
415 0.005608
376 0.003562
394 0.006104
441 0.005539
463 0.004029
588 0.00532
540 0.005751
508 0.005981
536 0.006659
543 0.006802
566 0.006822
570 0.004182
589 0.004228
767 0.007751
746 0.007635
692 0.005245
654 0.007318
628 0.006369
567 0.004582
518 0.007174
595 0.007696
537 0.004509
483 0.004122
522 0.006073
665 0.00572
662 0.005351
642 0.007516
595 0.005044
571 0.0068
552 0.006741
533 0.004276
661 0.005085
639 0.006607
610 0.007563
607 0.004344
597 0.006798
620 0.007412
605 0.004252
751 0.006509
700 0.00689
803 0.006372
745 0.005822
646 0.008508
578 0.007137
526 0.004673
504 0.006274
500 0.006271
511 0.004141
663 0.004665
690 0.004964
672 0.00487
678 0.004688
654 0.007174
646 0.004293
672 0.004297
889 0.007952
1029 0.01025
1061 0.007536
1013 0.00743
1102 0.01113
1001 0.009111
928 0.006884
844 0.007852
756 0.007124
881 0.006078
823 0.009318
931 0.008926
965 0.006594
941 0.006561
857 0.007657
977 0.01011
920 0.006566
885 0.006162
877 0.008095
826 0.006241
814 0.005734
959 0.006627
1067 0.01017
1009 0.008138
937 0.006374
867 0.008793
818 0.00574
809 0.005345
823 0.007908
828 0.006455
796 0.009732
736 0.006753
762 0.004884
940 0.006563
1105 0.01033
1074 0.009579
1009 0.007257
983 0.007176
965 0.007268
950 0.008707
941 0.01054
878 0.005797
847 0.01078
984 0.006997
1012 0.01045
1010 0.0111
1031 0.006606
996 0.01139
978 0.007197
878 0.005957
1030 0.008619
1002 0.006822
1007 0.008094
1123 0.008878
1083 0.007979
987 0.006907
940 0.006538
1000 0.009115
1158 0.009715
1095 0.007167
1223 0.01102
1128 0.009386
1065 0.006641
1178 0.009959
1102 0.00706
1086 0.006617
965 0.008034
1111 0.007327
1054 0.006782
992 0.009631
976 0.008787
1132 0.00794
1056 0.007185
921 0.008826
1034 0.009149
1010 0.00642
955 0.006079
900 0.007637
827 0.005492
865 0.009935
795 0.004851
778 0.00751
773 0.006169
789 0.00528
853 0.005998
892 0.007171
882 0.005758
880 0.005716
856 0.007607
843 0.008424
774 0.004931
928 0.008916
1053 0.00932
1014 0.008202
967 0.006948
933 0.009252
882 0.009311
841 0.005874
798 0.008171
774 0.007879
735 0.004987
744 0.004939
914 0.00798
905 0.007402
899 0.006325
876 0.008136
807 0.00764
800 0.005979
806 0.005096
955 0.009878
860 0.006173
811 0.005834
800 0.009218
764 0.005384
723 0.009454
713 0.005382
681 0.007198
828 0.006246
823 0.00965
831 0.0058
843 0.007218
880 0.005667
866 0.005604
1010 0.007261
1162 0.009914
1125 0.01003
1059 0.006677
1008 0.008289
1012 0.007912
1182 0.007764
1111 0.009467
1053 0.008035
1084 0.006566
1254 0.00849
1160 0.01068
1078 0.009463
1213 0.00896
1088 0.00898
995 0.009502
1050 0.009058
1012 0.006899
955 0.006287
903 0.008676
871 0.006713
946 0.006479
913 0.00826
831 0.00651
788 0.005472
727 0.006352
698 0.005017
780 0.005924
684 0.004786
649 0.005026
703 0.005184
611 0.004703
709 0.006076
646 0.00751
610 0.007443
577 0.004767
638 0.005609
560 0.006525
544 0.004533
546 0.004456
560 0.006586
547 0.007253
541 0.004303
536 0.007194
528 0.004018
626 0.004693
716 0.007244
706 0.008569
660 0.004896
749 0.005667
702 0.006702
702 0.007686
652 0.004921
630 0.007433
778 0.005803
859 0.006441
848 0.00896
833 0.006286
806 0.00597
771 0.00656
889 0.008615
831 0.007909
808 0.005479
762 0.005096
713 0.005606
721 0.007674
725 0.004313
904 0.007289
1107 0.009615
1067 0.00667
1060 0.007409
951 0.008825
856 0.007152
850 0.005726
860 0.005686
1081 0.008453
1034 0.006876
997 0.006623
953 0.008753
976 0.006132
1132 0.01457
1065 0.00842
989 0.007009
1049 0.009317
1021 0.006334
950 0.006026
818 0.005534
735 0.004787
697 0.008302
877 0.005806
853 0.00602
751 0.008324
712 0.005108
692 0.005092
799 0.008203
744 0.006112
697 0.005417
678 0.008656
684 0.006802
738 0.005346
740 0.005015
750 0.005622
919 0.009555
818 0.005606
736 0.00805
806 0.005956
745 0.007501
706 0.008006
781 0.005671
684 0.006121
601 0.007496
684 0.005369
594 0.004713
521 0.004458
605 0.00634
593 0.004589
583 0.004717
672 0.008059
648 0.006123
638 0.005061
620 0.004405
764 0.008235
727 0.005373
672 0.0049
621 0.008566
662 0.005373
562 0.004495
482 0.003968
442 0.003908
407 0.004619
405 0.007372
413 0.003533
453 0.005729
472 0.004089
505 0.007221
526 0.005808
529 0.003885
632 0.00795
562 0.004199
479 0.004303
576 0.004078
552 0.006647
652 0.004824
645 0.004723
615 0.004466
579 0.004311
721 0.006744
734 0.004801
670 0.007185
628 0.006422
618 0.006105
621 0.00483
775 0.005409
729 0.007076
691 0.005046
649 0.004482
640 0.007418
631 0.006982
630 0.00446
606 0.005324
587 0.004132
560 0.003862
582 0.00694
589 0.007033
571 0.004141
727 0.007899
683 0.007575
702 0.004702
716 0.005288
727 0.007136
729 0.006767
712 0.004883
704 0.007715
696 0.009047
657 0.004578
619 0.004305
570 0.007525
521 0.003952
655 0.004703
613 0.004413
731 0.005344
667 0.007553
757 0.007835
881 0.008575
828 0.008235
764 0.005729
776 0.00563
702 0.009247
663 0.004492
665 0.00742
731 0.006207
688 0.007585
583 0.007543
583 0.006574
616 0.005052
646 0.00436
815 0.005797
786 0.005015
734 0.007719
732 0.005157
742 0.005594
838 0.005548
954 0.006943
911 0.01074
847 0.006203
727 0.008782
629 0.00551
690 0.005522
650 0.008075
583 0.004777
549 0.004985
633 0.006989
602 0.005362
537 0.006578
539 0.006881
603 0.007567
611 0.006873
589 0.004803
568 0.004503
565 0.005762
567 0.004571
538 0.005584
493 0.008326
451 0.004195
435 0.004363
424 0.008491
453 0.006811
550 0.004708
543 0.007571
490 0.0066
434 0.004403
513 0.005411
565 0.007288
540 0.004669
489 0.004444
426 0.004573
439 0.004016
472 0.005742
590 0.005866
557 0.00487
564 0.004753
670 0.005105
638 0.004503
597 0.007236
723 0.007545
665 0.004962
617 0.007759
581 0.00636
688 0.005209
642 0.004579
622 0.006457
587 0.003868
590 0.004515
755 0.005333
720 0.00623
711 0.005295
690 0.004961
702 0.004988
820 0.009091
777 0.006106
778 0.006359
752 0.008558
723 0.008593
679 0.005949
652 0.007955
673 0.004934
700 0.005597
833 0.006468
792 0.005636
747 0.007453
640 0.004606
624 0.008009
638 0.004642
662 0.008113
648 0.009494
620 0.005259
763 0.005561
740 0.005346
685 0.00828
674 0.00488
731 0.004938
879 0.006301
834 0.009526
723 0.005259
685 0.005478
676 0.005359
633 0.005523
594 0.006486
533 0.004227
580 0.004786
732 0.007862
732 0.005008
866 0.005958
851 0.006154
858 0.005811
857 0.005565
868 0.009864
768 0.005689
709 0.00671
719 0.005148
707 0.005118
693 0.004655
679 0.005185
660 0.008082
618 0.004566
592 0.005576
731 0.009121
705 0.005878
691 0.008971
825 0.006483
763 0.01011
714 0.005361
828 0.01001
777 0.007359
768 0.005398
689 0.005298
768 0.004821
692 0.004752
647 0.007917
832 0.00697
845 0.00572
838 0.007365
787 0.006971
765 0.005528
692 0.006672
823 0.006779
746 0.005516
687 0.005451
663 0.006387
794 0.005744
811 0.005725
807 0.00588
797 0.009138
732 0.00547
689 0.004682
664 0.005353
664 0.004422
786 0.007422
719 0.007883
652 0.004424
642 0.006905
643 0.006146
789 0.00578
706 0.004776
645 0.006333
598 0.004391
574 0.004379
722 0.00752
683 0.007064
647 0.004783
622 0.004454
572 0.005097
538 0.004058
627 0.007818
606 0.007411
593 0.004689
568 0.007504
547 0.004591
511 0.004692
590 0.005178
651 0.008788
610 0.006009
615 0.005718
556 0.007819
528 0.006553
513 0.004483
496 0.004535
477 0.006005
452 0.006501
557 0.00422
537 0.004248
519 0.005345
469 0.004053
413 0.003615
389 0.003746
415 0.006081
530 0.004293
505 0.004078
444 0.005699
401 0.00379
397 0.003692
434 0.005192
563 0.004715
562 0.004569
513 0.00407
502 0.007317
619 0.005453
630 0.005177
673 0.005057
633 0.005525
613 0.007829
584 0.00424
569 0.004399
565 0.006029
574 0.006709
577 0.004059
571 0.004058
538 0.003944
543 0.003903
711 0.004925
741 0.006856
736 0.007003
718 0.005136
700 0.005389
667 0.005802
632 0.006246
609 0.004602
559 0.00623
539 0.006735
521 0.006044
678 0.008438
795 0.008703
767 0.005861
763 0.005478
713 0.005503
691 0.007389
823 0.008875
746 0.005676
676 0.007447
711 0.00564
629 0.005183
584 0.007123
612 0.00468
559 0.007642
502 0.007785
582 0.004848
534 0.005027
591 0.008079
564 0.005661
525 0.004657
472 0.007478
456 0.007691
565 0.00508
540 0.004844
511 0.005794
518 0.004927
648 0.007855
662 0.005166
630 0.004864
610 0.006865
573 0.005163
694 0.005129
635 0.00456
556 0.006497
527 0.005797
524 0.004617
513 0.006288
496 0.005958
469 0.003702
541 0.004403
501 0.006484
466 0.006567
516 0.004329
556 0.005233
525 0.007633
473 0.004246
422 0.004067
387 0.003601
460 0.00445
451 0.003768
431 0.003821
428 0.003958
443 0.006619
446 0.003656
550 0.005205
643 0.005223
625 0.005235
630 0.006202
615 0.006961
575 0.005673
590 0.004996
604 0.006272
637 0.004878
742 0.004862
667 0.00768
611 0.007153
615 0.005494
735 0.005847
687 0.005468
760 0.005997
741 0.007418
673 0.00753
592 0.004698
553 0.008287
532 0.004375
642 0.004918
578 0.004725
564 0.005858
561 0.006385
541 0.004068
664 0.009089
642 0.004894
589 0.008242
556 0.006143
532 0.004433
629 0.005018
576 0.007295
540 0.007965
546 0.006422
556 0.004039
528 0.004684
494 0.007035
483 0.004798
603 0.004238
572 0.006267
545 0.006606
503 0.004521
489 0.008264
485 0.006167
475 0.004012
427 0.006573
513 0.004141
492 0.004781
478 0.009371
483 0.003885
480 0.007015
487 0.004344
501 0.004024
493 0.005484
609 0.004826
736 0.008467
708 0.006942
684 0.005791
622 0.007223
575 0.00474
519 0.006978
507 0.006781
501 0.004096
623 0.004996
608 0.006871
558 0.004302
552 0.004236
536 0.005708
700 0.0079
699 0.004979
668 0.004981
633 0.006696
789 0.005923
729 0.008826
697 0.00648
658 0.005174
615 0.007417
585 0.006716
557 0.004259
670 0.004753
622 0.007104
572 0.005917
571 0.004436
560 0.007148
557 0.004134
570 0.004471
719 0.004869
714 0.006578
800 0.005792
753 0.007874
714 0.005079
756 0.004913
879 0.01031
844 0.01072
804 0.005572
751 0.008351
829 0.00574
795 0.008125
785 0.007384
815 0.005406
1023 0.007623
1171 0.007605
1184 0.01069
1062 0.007494
956 0.007076
890 0.006647
853 0.007699
1018 0.008755
1006 0.006297
963 0.008296
904 0.009521
829 0.005511
906 0.006598
890 0.006156
856 0.007816
779 0.006816
677 0.004527
627 0.004946
600 0.00489
730 0.004592
755 0.004827
735 0.006185
707 0.004744
728 0.0048
704 0.006801
766 0.005093
661 0.01045
626 0.004492
659 0.004348
726 0.006841
684 0.004806
607 0.004711
706 0.007183
666 0.006844
593 0.004649
559 0.004694
541 0.008615
662 0.007413
656 0.004792
693 0.005514
620 0.006295
536 0.004358
465 0.004292
438 0.004719
523 0.004424
483 0.004068
457 0.006227
456 0.006622
468 0.003959
469 0.004306
478 0.00637
459 0.004235
608 0.004934
599 0.007799
611 0.004698
568 0.004612
556 0.006302
533 0.006139
518 0.00421
497 0.00405
476 0.005799
581 0.005985
579 0.01831
548 0.008432
542 0.006384
559 0.004344
593 0.006821
597 0.006587
565 0.004023
713 0.008224
686 0.007296
653 0.004565
640 0.006727
603 0.00457
570 0.004272
555 0.004375
563 0.006119
571 0.006741
591 0.004395
598 0.00684
609 0.006648
593 0.004141
594 0.006792
637 0.006303
796 0.005526
794 0.007591
772 0.006746
776 0.005075
944 0.00749
888 0.006286
855 0.009959
822 0.005898
856 0.007033
1069 0.007325
1128 0.008163
1121 0.00888
1082 0.007435
1014 0.008648
953 0.008666
918 0.006472
887 0.005378
848 0.006503
828 0.007916
800 0.005253
801 0.008067
802 0.00631
965 0.006177
1116 0.007692
1071 0.008302
1045 0.007763
1161 0.008421
1113 0.0105
1066 0.009536
1022 0.009253
975 0.008281
1095 0.007739
1058 0.006551
997 0.009091
917 0.009697
1114 0.007404
1061 0.009726
956 0.008991
1067 0.007474
1017 0.009338
926 0.008427
887 0.00624
1029 0.007182
1135 0.009481
1084 0.00726
1028 0.007656
952 0.009283
865 0.006306
945 0.006247
863 0.007902
794 0.00847
745 0.004996
759 0.005216
898 0.007565
1019 0.008743
987 0.006377
945 0.009267
819 0.006079
658 0.006578
556 0.007375
622 0.005054
706 0.006284
652 0.008085
630 0.005691
575 0.004816
528 0.005414
647 0.00623
604 0.004843
556 0.007519
635 0.007236
536 0.004783
488 0.005034
527 0.006753
495 0.004823
493 0.007049
485 0.0066
583 0.005029
529 0.004603
496 0.004553
465 0.006512
560 0.006499
541 0.006277
516 0.00394
481 0.006217
464 0.007091
598 0.007357
610 0.004614
606 0.006193
587 0.00448
579 0.004082
591 0.005786
767 0.005156
760 0.004842
768 0.008016
820 0.007165
860 0.005633
857 0.008323
820 0.007514
815 0.005025
816 0.005805
1012 0.007004
945 0.008536
832 0.008265
760 0.005379
653 0.004684
576 0.00541
536 0.005548
506 0.003948
484 0.006988
599 0.005549
696 0.004697
696 0.006288
662 0.005542
616 0.007542
681 0.007982
639 0.005339
567 0.007984
527 0.006136
562 0.005282
496 0.007879
461 0.004187
455 0.00465
461 0.007852
448 0.005704
529 0.004524
622 0.004931
576 0.005881
556 0.004527
494 0.004133
455 0.006865
518 0.004916
474 0.00744
439 0.008493
490 0.004552
456 0.004398
426 0.005585
425 0.004217
495 0.004688
457 0.004096
403 0.004217
392 0.005923
474 0.004498
528 0.004575
491 0.007531
479 0.005754
454 0.004886
427 0.00744
395 0.005344
468 0.004239
558 0.006662
554 0.005886
541 0.005079
487 0.00441
434 0.006233
403 0.004358
487 0.004219
474 0.004073
417 0.006528
419 0.003622
377 0.006102
397 0.004736
477 0.00419
558 0.004663
562 0.006534
645 0.006221
579 0.005139
600 0.007836
524 0.007689
592 0.004946
570 0.004555
531 0.006155
469 0.006787
437 0.008068
541 0.004286
506 0.006482
484 0.005844
479 0.004328
596 0.006154
542 0.007482
565 0.004736
508 0.004417
462 0.006123
431 0.003861
401 0.003524
503 0.006643
488 0.004243
471 0.006106
457 0.005348
420 0.003268
411 0.007681
517 0.006356
508 0.003813
515 0.00651
501 0.003574
594 0.005552
545 0.004734
495 0.003905
461 0.006702
426 0.005843
389 0.003315
484 0.007961
472 0.006652
466 0.004323
444 0.008065
436 0.009513
422 0.003692
548 0.006992
529 0.004968
516 0.004162
473 0.004038
598 0.004768
599 0.004707
592 0.007425
565 0.005332
550 0.004434
516 0.006744
544 0.005201
592 0.004635
677 0.007528
701 0.004709
835 0.008799
767 0.007211
879 0.006356
850 0.007431
768 0.005731
686 0.005258
618 0.005232
705 0.007343
622 0.004378
537 0.004639
474 0.006626
508 0.007184
450 0.004547
424 0.004022
515 0.00636
487 0.004368
472 0.003681
437 0.006585
528 0.00461
495 0.004252
460 0.00644
418 0.005403
374 0.003777
365 0.003649
441 0.006025
416 0.00393
363 0.006041
353 0.006084
337 0.003507
359 0.005828
363 0.003643
402 0.003734
392 0.004913
492 0.004433
449 0.004063
403 0.004093
369 0.006015
368 0.004633
480 0.004119
500 0.004347
494 0.006101
497 0.00432
493 0.004111
457 0.006454
418 0.005719
369 0.003544
455 0.004501
446 0.005954
425 0.004422
439 0.003797
450 0.006513
468 0.007112
481 0.00389
482 0.006527
450 0.005782
554 0.004486
605 0.008483
531 0.005231
525 0.004995
510 0.007209
487 0.006829
493 0.004307
487 0.004309
494 0.005086
485 0.006645
610 0.005291
579 0.00445
552 0.007665
528 0.006857
498 0.004262
569 0.007198
508 0.005514
451 0.003931
427 0.005873
526 0.005179
512 0.004529
468 0.004307
482 0.006507
475 0.004668
497 0.004185
486 0.006089
496 0.004075
562 0.005665
493 0.004191
455 0.003904
419 0.008038
527 0.00448
499 0.004269
486 0.006346
472 0.004271
460 0.003862
443 0.00592
420 0.005976
408 0.003576
385 0.003744
359 0.005838
320 0.005708
388 0.003625
382 0.005458
371 0.006567
363 0.003442
312 0.005234
315 0.004007
325 0.003412
352 0.005874
438 0.005494
427 0.003717
378 0.00358
365 0.003585
352 0.003344
366 0.0059
366 0.003426
372 0.003462
353 0.005567
360 0.005362
369 0.003335
458 0.00598
540 0.004375
521 0.007102
511 0.006661
483 0.004262
436 0.006197
410 0.003643
403 0.004191
407 0.003973
409 0.005766
389 0.003782
372 0.003705
454 0.006734
440 0.004659
416 0.003783
375 0.006949
371 0.005758
453 0.00414
440 0.005924
402 0.005199
367 0.003942
361 0.003814
355 0.00724
340 0.003449
408 0.00831
400 0.006581
377 0.004022
371 0.005297
341 0.004947
306 0.00319
292 0.003076
266 0.006569
338 0.007502
318 0.003785
307 0.009907
394 0.007611
385 0.003823
382 0.003601
352 0.006108
353 0.003683
433 0.004596
422 0.005735
385 0.003735
356 0.004716
365 0.004746
371 0.004971
378 0.004834
374 0.00402
437 0.004255
433 0.004526
459 0.005725
519 0.004061
565 0.007482
623 0.006299
634 0.004448
671 0.00425
692 0.005757
715 0.004907
706 0.0041
686 0.006109
686 0.006011
675 0.004224
837 0.006836
793 0.006628
764 0.007621
894 0.008185
800 0.00599
680 0.004552
637 0.005493
590 0.004615
572 0.004347
582 0.007076
713 0.007038
666 0.005375
624 0.005296
603 0.005497
592 0.004971
701 0.005243
658 0.007009
651 0.006234
650 0.004704
641 0.007099
594 0.005881
697 0.00568
669 0.007466
652 0.00896
623 0.005164
575 0.004562
544 0.004604
532 0.004188
531 0.004159
505 0.007314
608 0.004915
558 0.00448
521 0.005848
635 0.005654
625 0.007757
594 0.008232
581 0.00457
557 0.007214
533 0.006227
505 0.004049
619 0.005571
612 0.007026
590 0.00528
600 0.004883
588 0.006404
719 0.008289
665 0.005483
636 0.007688
638 0.006621
639 0.004929
760 0.007718
701 0.006265
595 0.004859
556 0.004711
522 0.006976
522 0.004647
602 0.004612
568 0.006794
477 0.005895
419 0.003845
364 0.007482
361 0.004763
455 0.004096
433 0.006931
409 0.006475
400 0.00411
462 0.00406
542 0.006657
549 0.004975
523 0.004823
456 0.004679
385 0.005094
364 0.004092
430 0.004907
435 0.008863
398 0.004218
489 0.004348
416 0.005309
375 0.005127
441 0.004074
430 0.006261
395 0.003594
464 0.004224
465 0.005434
476 0.005247
572 0.004918
474 0.004181
511 0.006106
406 0.006474
360 0.00385
