0.003291
0.01808
0.02713
0.02483
0.01558
0.02699
0.03507
0.01906
0.01661
0.01736
0.02205
0.02558
0.02095
0.03169
0.03205
0.02682
0.01705
0.02669
0.01963
0.03693
0.01706
0.01888
0.01861
0.01768
0.03627
0.0309
0.03201
0.01579
0.0174
0.04308
0.02987
0.008115
0.03115
0.03246
0.03453
0.03586
0.03408
0.01957
0.02057
0.0181
0.003975
0.04115
0.03187
0.02853
0.01877
0.02291
0.0359
0.02111
0.02121
0.003447
0.0204
0.03692
0.02715
0.02198
0.02234
0.02738
0.03864
0.03514
0.01822
0.02368
0.02622
0.01987
0.02965
0.04049
0.03022
0.02828
0.0194
0.02207
0.02108
0.03514
0.03448
0.0249
0.01731
0.03222
0.03609
0.03416
0.01875
0.01992
0.0372
0.03359
0.01722
0.02147
0.03783
0.01607
0.03027
0.01681
0.03377
0.02151
0.02488
0.003524
0.02087
0.003306
0.03428
0.03078
0.01882
0.01602
0.03458
0.01914
0.0279
0.02682
0.01841
0.01786
0.03042
0.03571
0.02326
0.003478
0.01716
0.0343
0.033
0.01907
0.01761
0.01836
0.02157
0.03237
0.02429
0.01937
0.03022
0.03983
0.02947
0.01757
0.02479
0.03617
0.02826
0.02679
0.003414
0.01581
0.03893
0.01538
0.0228
0.01853
0.02032
0.03933
0.04208
0.0314
0.0164
0.01972
0.03558
0.03252
0.01654
0.0186
0.03256
0.01615
0.01596
0.01476
0.03214
0.03215
0.01663
0.02928
0.01837
0.01875
0.01995
0.01593
0.03677
0.03076
0.0326
0.01914
0.0162
0.01759
0.02488
0.03606
0.03046
0.02801
0.01516
0.03006
0.0324
0.03179
0.0171
0.03918
0.03128
0.03298
0.01734
0.01692
0.03941
0.0333
0.01987
0.01955
0.03903
0.02964
0.03079
0.0168
0.0407
0.01608
0.0152
0.01456
0.02028
0.04288
0.0186
0.02779
0.0165
0.02362
0.03492
0.02122
0.01896
0.01675
0.03512
0.03043
0.02882
0.02294
0.01558
0.023
0.02503
0.01539
0.01966
0.01876
0.0164
0.01793
0.03737
0.03018
0.01519
0.0154
0.01761
0.0316
0.03055
0.0249
0.01547
0.01737
0.01644
0.02938
0.03561
0.03154
0.02757
0.01823
0.0226
0.03175
0.01622
0.02248
0.01485
0.02005
0.03057
0.02187
0.01542
0.01725
0.01506
0.02402
0.03347
0.03255
0.02493
0.02002
0.01687
0.01753
0.03305
0.01741
0.02022
0.01593
0.03134
0.03438
0.0157
0.02073
0.01431
0.03403
0.03212
0.02266
0.01581
0.0185
0.03249
0.0301
0.02647
0.01655
0.01856
0.03844
0.01601
0.02887
0.01877
0.02039
0.03501
0.03104
0.01771
0.02164
0.03492
0.02142
0.006629
0.01488
0.0236
0.031
0.03125
0.0152
0.02259
0.03333
0.02761
0.01739
0.02023
0.03123
0.03221
0.02187
0.01641
0.02547
0.03315
0.02976
0.01997
0.0341
0.01821
0.03181
0.0164
0.01995
0.04585
0.03218
0.02814
0.01414
0.02406
0.03207
0.02976
0.02564
0.02098
0.03397
0.01672
0.0244
0.01476
0.02785
0.04272
0.0304
0.02886
0.01842
0.01899
0.02468
0.03456
0.03557
0.02717
0.02819
0.02311
0.0165
0.01545
0.02559
0.03438
0.02442
0.02032
0.01592
0.01671
0.03483
0.03181
0.01652
0.01555
0.02326
0.03238
0.03111
0.02099
0.01504
0.01635
0.02995
0.03262
0.01363
0.01586
0.01509
0.01892
0.01074
0.02694
0.004635
0.01532
0.02398
0.02016
0.01792
0.02804
0.01822
0.02201
0.02676
0.03884
0.03006
0.01455
0.03093
0.02723
0.01574
0.0162
0.01414
0.03679
0.0155
0.01547
0.01828
0.01518
0.03003
0.0184
0.01957
0.0157
0.02762
0.01407
0.01993
0.03506
0.006511
0.02138
0.02011
0.04016
0.01718
0.03147
0.01839
0.02359
0.03544
0.02612
0.0168
0.01973
0.03527
0.03181
0.02643
0.01533
0.02523
0.03645
0.01988
0.02504
0.02033
0.04464
0.02816
0.02299
0.01747
0.03261
0.03361
0.0171
0.01816
0.02008
0.037
0.03323
0.02946
0.01759
0.01659
0.0367
0.01918
0.02733
0.0382
0.03546
0.02708
0.01853
0.02893
0.0288
0.03666
0.02522
0.0197
0.03926
0.02425
0.02619
0.01842
0.03477
0.0386
0.03428
0.02161
0.0226
0.03374
0.034
0.03168
0.01697
0.02066
0.04427
0.03331
0.02046
0.02008
0.04319
0.03304
0.03022
0.01738
0.01574
0.03836
0.0364
0.02948
0.02178
0.01792
0.02792
0.03159
0.0195
0.01778
0.02299
0.01802
0.03135
0.03455
0.03412
0.03124
0.02363
0.01859
0.02602
0.03371
0.01751
0.03149
0.01897
0.01877
0.03728
0.03082
0.03347
0.01972
0.01691
0.03492
0.02278
0.01514
0.02065
0.01838
0.03
0.0353
0.01572
0.02215
0.004544
0.02177
0.01485
0.03256
0.01719
0.004821
0.03675
0.03587
0.02728
0.01671
0.02006
0.03691
0.02421
0.01993
0.03196
0.01713
0.02991
0.02459
0.02279
0.04099
0.03009
0.01952
0.01998
0.04272
0.02362
0.03569
0.02567
0.01904
0.0394
0.03472
0.02075
0.01901
0.03874
0.03397
0.03089
0.01936
0.02932
0.03484
0.03319
0.02648
0.03833
0.03343
0.02497
0.01942
0.02183
0.01677
0.02575
0.02615
0.02074
0.04199
0.03513
0.02858
0.02417
0.01869
0.04255
0.02184
0.02104
0.01882
0.02497
0.0372
0.01859
0.03052
0.01798
0.01773
0.03769
0.03094
0.01657
0.04204
0.03398
0.03255
0.01756
0.022
0.03759
0.03298
0.01666
0.01949
0.01779
0.03339
0.03171
0.02275
0.02793
0.03238
0.03139
0.02148
0.01653
0.03439
0.01827
0.02103
0.01672
0.02427
0.01623
0.01916
0.01562
0.02998
0.02897
0.03078
0.01478
0.02383
0.0303
0.02179
0.0161
0.0322
0.02135
0.02047
0.01528
0.02973
0.0332
0.02503
0.0154
0.02468
0.03254
0.03159
0.01801
0.01896
0.03577
0.0307
0.02773
0.0199
0.0402
0.01891
0.0204
0.0283
0.03989
0.01806
0.01695
0.02522
0.03538
0.02845
0.01862
0.01586
0.03881
0.0293
0.03231
0.02281
0.0176
0.01859
0.03437
0.03208
0.01862
0.02529
0.03419
0.0338
0.03001
0.01909
0.01718
0.03418
0.0261
0.01698
0.01647
0.03098
0.03484
0.02168
0.01747
0.02525
0.03528
0.03081
0.02631
0.01748
0.0363
0.02353
0.02441
0.01845
0.03994
0.02991
0.01675
0.02006
0.03768
0.03303
0.02313
0.01796
0.04358
0.03277
0.03224
0.02613
0.03439
0.03741
0.02477
0.01724
0.03055
0.04352
0.02668
0.02273
0.01724
0.0256
0.03677
0.0228
0.01661
0.02679
0.03411
0.03264
0.02719
0.01668
0.02352
0.01702
0.01638
0.01649
0.02065
0.03313
0.02888
0.03055
0.01892
0.04077
0.02156
0.02208
0.02022
0.03992
0.03133
0.02992
0.01931
0.01817
0.02944
0.03606
0.03228
0.02083
0.02116
0.0324
0.03247
0.02915
0.02061
0.01694
0.02874
0.03095
0.02774
0.01602
0.01939
0.03365
0.03161
0.01817
0.03608
0.02705
0.01987
0.02032
0.03163
0.0174
0.01615
0.01835
0.03574
0.02911
0.01721
0.01737
0.01759
0.03282
0.02028
0.01649
0.01783
0.03425
0.03759
0.02106
0.0175
0.03442
0.03216
0.0287
0.01695
0.01566
0.03242
0.02764
0.02047
0.01682
0.03656
0.02427
0.02184
0.01689
0.0377
0.03291
0.03273
0.01963
0.02022
0.02617
0.01598
0.01782
0.01685
0.03651
0.0305
0.01656
0.01621
0.03531
0.03092
0.02707
0.0175
0.01334
0.03043
0.02272
0.01998
0.03764
0.03275
0.02727
0.01776
0.03545
0.02086
0.03338
0.03153
0.02174
0.01718
0.01715
0.04047
0.03019
0.01745
0.01863
0.01623
0.03248
0.02074
0.02229
0.03492
0.03036
0.02969
0.0166
0.01868
0.03354
0.03093
0.01814
0.03689
0.03762
0.01806
0.01922
0.01867
0.03515
0.03457
0.02741
0.01821
0.02462
0.03444
0.02088
0.01905
0.01669
0.03261
0.03377
0.03031
0.01705
0.01641
0.01885
0.03544
0.03215
0.02725
0.01814
0.03623
0.02896
0.02089
0.03902
0.03471
0.02912
0.03428
0.02593
0.01785
0.0188
0.03544
0.02481
0.02658
0.03573
0.02945
0.02839
0.01907
0.01816
0.03699
0.03212
0.03107
0.03552
0.03424
0.02067
0.01873
0.02565
0.03443
0.0275
0.01779
0.03304
0.0328
0.01849
0.0226
0.03397
0.02706
0.01633
0.01682
0.02331
0.0178
0.01703
0.03689
0.03201
0.0297
0.01687
0.02029
0.03679
0.03599
0.01868
0.01977
0.03707
0.03353
0.02974
0.01828
0.01711
0.01626
0.03519
0.01926
0.03943
0.02069
0.008469
0.02083
0.0131
0.02125
0.003322
0.03486
0.01386
0.03307
0.003389
0.01794
0.01726
0.03667
0.01324
0.01939
0.008128
0.03614
0.007395
0.02273
0.003431
0.04506
0.0135
0.02159
0.003326
0.03512
0.01816
0.02306
0.007277
0.02946
0.01426
0.02377
0.02037
0.02542
0.03914
0.03572
0.0269
0.01809
0.04807
0.03481
0.02099
0.0192
0.02354
0.0367
0.0275
0.03162
0.01892
0.04089
0.03258
0.008718
0.01978
0.02067
0.009372
0.03997
0.003292
0.02055
0.03661
0.01489
0.02883
0.01942
0.04455
0.04172
0.02863
0.02074
0.025
0.04087
0.03395
0.03501
0.03409
0.02944
0.01772
0.02813
0.02875
0.03684
0.03293
0.01697
0.03287
0.02745
0.02469
0.01669
0.0306
0.02408
0.01862
0.02046
0.02394
0.02476
0.01996
0.02048
0.04717
0.03392
0.03074
0.02108
0.01929
0.0494
0.0281
0.01725
0.02623
0.0191
0.03632
0.01758
0.0172
0.02242
0.03587
0.03044
0.02198
0.023
0.03409
0.03381
0.03186
0.03014
0.03248
0.01973
0.01844
0.04486
0.02044
0.009917
0.02003
0.02204
0.04351
0.03537
0.02314
0.003636
0.05005
0.01354
0.01928
0.01151
0.03556
0.01404
0.01896
0.00373
0.0406
0.01452
0.02128
0.01845
0.03754
0.003398
0.04077
0.01331
0.02068
0.004985
0.03638
0.01278
0.03033
0.003692
0.02378
0.01574
0.0254
0.003459
0.05183
0.01315
0.02
0.007934
0.04119
0.0323
0.0263
0.02139
0.02702
0.02362
0.03979
0.0211
0.02017
0.02751
0.0391
0.02018
0.02657
0.03872
0.02903
0.02081
0.01981
0.01434
0.02009
0.003401
0.03314
0.00345
0.03031
0.01897
0.003548
0.03649
0.0334
0.003367
0.0172
0.02395
0.03037
0.00754
0.01795
0.01815
0.03671
0.03199
0.02672
0.035
0.03706
0.03336
0.02412
0.02065
0.0375
0.03305
0.02694
0.01704
0.01741
0.03324
0.02416
0.01882
0.02084
0.02685
0.03285
0.02978
0.01911
0.03262
0.03389
0.0309
0.018
0.03358
0.02152
0.03285
0.02015
0.02226
0.03945
0.02071
0.01989
0.003769
0.0402
0.02182
0.02462
0.02043
0.02032
0.03127
0.03907
0.03122
0.01845
0.0368
0.03831
0.03147
0.02021
0.01859
0.02391
0.03465
0.007902
0.01788
0.02112
0.02548
0.003407
0.01747
0.004879
0.01993
0.01806
0.01466
0.03167
0.01824
0.02444
0.02304
0.0364
0.0363
0.02358
0.01924
0.03462
0.03517
0.03187
0.01963
0.02128
0.01339
0.03729
0.0116
0.01671
0.00414
0.03488
0.01348
0.01787
0.005519
0.02422
0.01386
0.02657
0.003566
0.0485
0.01382
0.02131
0.003433
0.02539
0.003385
0.02974
0.01373
0.01828
0.006404
0.03423
0.01374
0.02217
0.003878
0.03449
0.01343
0.02347
0.01819
0.04552
0.01405
0.02268
0.01947
0.009451
0.03297
0.03109
0.006014
0.03837
0.01351
0.02861
0.00339
0.04472
0.04165
0.02521
0.02053
0.02083
0.02203
0.03659
0.03561
0.008181
0.01947
0.04083
0.02149
0.03487
0.02474
0.003428
0.01828
0.0325
0.03293
0.006642
0.01771
0.00325
0.03202
0.01807
0.02756
0.02943
0.03433
0.02875
0.02139
0.04149
0.04016
0.01176
0.0179
0.03263
0.0145
0.01778
0.02507
0.02812
0.03515
0.03022
0.01931
0.02184
0.03494
0.03567
0.02877
0.01981
0.02665
0.04048
0.03591
0.03665
0.02096
0.04163
0.04262
0.02376
0.02322
0.01877
0.02717
0.03674
0.03217
0.02608
0.01855
0.03371
0.003534
0.03142
0.01792
0.006766
0.02915
0.03204
0.02119
0.0391
0.04327
0.03678
0.02356
0.02144
0.04149
0.03323
0.02998
0.02281
0.03233
0.01834
0.003292
0.0291
0.03327
0.009197
0.01836
0.01884
0.03517
0.01399
0.02796
0.003272
0.01956
0.03649
0.02253
0.0189
0.02443
0.003399
0.01921
0.032
0.0214
0.003457
0.01826
0.02502
0.03669
0.01386
0.02244
0.004374
0.03843
0.0144
0.02621
0.004068
0.03091
0.003477
0.036
0.01406
0.03346
0.003534
0.05127
0.01439
0.02245
0.02848
0.04084
0.03772
0.02863
0.02265
0.025
0.01972
0.03366
0.02412
0.02346
0.0435
0.0218
0.04141
0.03741
0.02696
0.02406
0.02448
0.052
0.0365
0.00354
0.02412
0.00357
0.04317
0.01378
0.03127
0.003448
0.02988
0.014
0.03871
0.003435
0.02011
0.0364
0.03025
0.0395
0.01462
0.02073
0.02596
0.01488
0.01889
0.03815
0.02353
0.01477
0.03792
0.03817
0.01428
0.02026
0.01086
0.03793
0.02647
0.003603
0.02335
0.03966
0.03554
0.02279
0.03922
0.03548
0.02352
0.01982
0.05002
0.0341
0.02575
0.02267
0.0547
0.03285
0.02057
0.02597
0.03015
0.02092
0.03841
0.0391
0.03629
0.02583
0.0254
0.03735
0.03471
0.03141
0.01917
0.0242
0.03907
0.01948
0.01904
0.02008
0.03847
0.0338
0.02189
0.01929
0.03729
0.03843
0.03247
0.02073
0.01785
0.0364
0.02385
0.01907
0.02447
0.03611
0.03171
0.02641
0.0313
0.02439
0.03311
0.02248
0.01991
0.02728
0.03618
0.02196
0.02361
0.03701
0.02346
0.01819
0.03992
0.03373
0.03263
0.02131
0.04236
0.03926
0.02875
0.02001
0.02555
0.03773
0.03667
0.0246
0.02033
0.02502
0.01915
0.03509
0.03358
0.02212
0.02393
0.03591
0.04089
0.02271
0.01893
0.02609
0.03483
0.03506
0.02577
0.01869
0.03682
0.02407
0.02245
0.01835
0.03165
0.03537
0.03476
0.03196
0.02066
0.0219
0.05107
0.02556
0.02864
0.02366
0.05256
0.02143
0.02622
0.01949
0.0371
0.03986
0.0344
0.02524
0.02338
0.03679
0.03231
0.02303
0.02155
0.0256
0.03932
0.02742
0.02064
0.02144
0.03668
0.03446
0.02628
0.04508
0.04201
0.02316
0.02208
0.01913
0.03732
0.04154
0.02383
0.02239
0.03396
0.02136
0.02513
0.02227
0.02373
0.03514
0.03592
0.0247
0.01916
0.03939
0.03673
0.03274
0.01954
0.03733
0.02496
0.02199
0.02077
0.0298
0.02384
0.01816
0.03638
0.04116
0.02422
0.01693
0.03275
0.03582
0.02486
0.02231
0.01892
0.0398
0.03492
0.01902
0.0201
0.03532
0.03403
0.03036
0.01975
0.02996
0.03622
0.02467
0.02049
0.0215
0.03652
0.03534
0.01909
0.02632
0.02265
0.0318
0.01758
0.02811
0.03622
0.02961
0.02018
0.02338
0.04494
0.03311
0.02254
0.02079
0.01873
0.03961
0.02437
0.01803
0.01922
0.04136
0.03497
0.02376
0.01994
0.04469
0.03395
0.03462
0.02185
0.03701
0.03304
0.02031
0.02809
0.02215
0.03485
0.02166
0.01959
0.04274
0.03401
0.0213
0.01879
0.03144
0.04338
0.02229
0.01963
0.04664
0.02279
0.02569
0.02096
0.03331
0.03784
0.034
0.02238
0.01856
0.0451
0.03276
0.02569
0.04102
0.03835
0.03392
0.02054
0.03475
0.03926
0.02356
0.01863
0.03765
0.03273
0.02148
0.02842
0.04094
0.03817
0.03065
0.02
0.04875
0.03669
0.02109
0.03761
0.02711
0.02338
0.02225
0.0266
0.04309
0.02646
0.02032
0.03283
0.02081
0.02176
0.05143
0.03464
0.03053
0.02247
0.03724
0.0238
0.01879
0.02718
0.03694
0.02969
0.02812
0.02035
0.05098
0.0345
0.03138
0.02055
0.03509
0.03271
0.03488
0.02117
0.0288
0.02186
0.03045
0.02299
0.03713
0.03514
0.02176
0.02204
0.03795
0.02435
0.02581
0.01916
0.0382
0.035
0.02682
0.01927
0.02739
0.03409
0.02113
0.04854
0.04341
0.03332
0.02153
0.02191
0.03541
0.02325
0.01377
0.03266
0.02065
0.0186
0.0341
0.01517
0.02671
0.02067
0.03687
0.02452
0.02245
0.004755
0.02453
0.0383
0.03001
0.02392
0.02763
0.039
0.0313
0.0207
0.02031
0.02593
0.03773
0.0303
0.02173
0.01948
0.04096
0.03737
0.02244
0.02146
0.01965
0.03945
0.03195
0.02124
0.0222
0.05558
0.02437
0.01925
0.02145
0.05285
0.03312
0.02431
0.02104
0.05174
0.03357
0.02577
0.02564
0.03905
0.0362
0.02053
0.01936
0.03623
0.04107
0.03719
0.02003
0.02862
0.03802
0.03422
0.02379
0.0393
0.03561
0.03338
0.02894
0.01987
0.01897
0.01908
0.03309
0.03939
0.02398
0.02237
0.01891
0.04094
0.04063
0.03531
0.02297
0.0213
0.05646
0.02563
0.02286
0.02097
0.02268
0.037
0.01552
0.02536
0.01937
0.02378
0.0241
0.003545
0.02193
0.0302
0.04036
0.0132
0.02314
0.003535
0.02043
0.02078
0.0402
0.01351
0.01829
0.01533
0.03413
0.007161
0.01886
0.01816
0.03715
0.01532
0.01898
0.02607
0.02169
0.007441
0.003654
0.02418
0.01856
0.005329
0.0237
0.01639
0.003624
0.03234
0.004379
0.03515
0.01316
0.03451
0.004249
0.02515
0.01655
0.03649
0.003891
0.04368
0.01623
0.03047
0.02548
0.04265
0.04024
0.0261
0.02662
0.03151
0.04582
0.04496
0.02688
0.0246
0.02841
0.04806
0.03583
0.02373
0.02107
0.04871
0.04384
0.03326
0.02247
0.02796
0.03878
0.04606
0.02155
0.02202
0.02031
0.04764
0.03496
0.02326
0.01897
0.03845
0.03419
0.02617
0.01892
0.03448
0.03551
0.03365
0.00346
0.04643
0.02995
0.03203
0.02035
0.02603
0.03411
0.03443
0.02454
0.01757
0.04225
0.0406
0.03086
0.01788
0.02708
0.03684
0.02121
0.02329
0.01973
0.03004
0.03675
0.03289
0.01857
0.04248
0.04201
0.03334
0.02139
0.03467
0.03763
0.03243
0.01822
0.02096
0.03125
0.01889
0.02893
0.02005
0.01842
0.04488
0.04253
0.03263
0.02081
0.02363
0.03667
0.02256
0.02376
0.02204
0.01774
0.03221
0.02872
0.01824
0.03051
0.03807
0.02766
0.01853
0.0215
0.03398
0.03361
0.02715
0.02163
0.02826
0.02481
0.03756
0.03624
0.02856
0.02079
0.03596
0.02009
0.03545
0.03495
0.02774
0.02001
0.04974
0.03217
0.02462
0.01918
0.02415
0.02084
0.0239
0.01652
0.03131
0.04207
0.01807
0.03438
0.0311
0.02266
0.01852
0.03422
0.03266
0.0177
0.0388
0.01764
0.005808
0.01683
0.03205
0.03052
0.02083
0.01856
0.04853
0.03264
0.02045
0.0238
0.03403
0.02152
0.01976
0.02466
0.01984
0.03137
0.019
0.03181
0.01863
0.01812
0.03213
0.03156
0.02428
0.01827
0.02451
0.04237
0.03245
0.01862
0.03436
0.0177
0.03181
0.01855
0.02655
0.04129
0.02378
0.01761
0.02192
0.03038
0.03123
0.01778
0.003581
0.0237
0.03087
0.02997
0.01826
0.04084
0.0292
0.02131
0.02465
0.03636
0.01112
0.01833
0.009245
0.03543
0.008462
0.01684
0.01341
0.03333
0.003328
0.02488
0.003205
0.03313
0.01263
0.03147
0.003303
0.04945
0.01198
0.01788
0.003987
0.03473
0.01267
0.02509
0.01107
0.0196
0.02021
0.003479
0.05045
0.03212
0.02493
0.02901
0.04155
0.03884
0.02387
0.02717
0.03693
0.03696
0.03191
0.03617
0.02463
0.03117
0.02215
0.04849
0.03246
0.03189
0.02643
0.04767
0.04088
0.03095
0.02391
0.03975
0.02801
0.0224
0.02954
0.03418
0.0386
0.02801
0.02467
0.04524
0.03603
0.02554
0.04241
0.0438
0.02939
0.02129
0.02094
0.04089
0.03398
0.02811
0.02049
0.0264
0.03732
0.03414
0.0416
0.03512
0.02966
0.03632
0.03005
0.02458
0.03821
0.02323
0.02052
0.02984
0.03078
0.02452
0.02365
0.02931
0.04062
0.03451
0.02419
0.0184
0.03143
0.04062
0.0309
0.0202
0.03475
0.02509
0.01929
0.02901
0.02131
0.02584
0.02061
0.03306
0.0246
0.02065
0.05134
0.04541
0.03018
0.02096
0.04111
0.03303
0.03168
0.01844
0.03029
0.03281
0.02393
0.01946
0.03508
0.04193
0.03105
0.02183
0.02265
0.0386
0.02058
0.02073
0.03692
0.04036
0.02248
0.02192
0.03263
0.0266
0.03534
0.0204
0.02651
0.03933
0.03618
0.02676
0.02141
0.03814
0.04057
0.03625
0.02489
0.02054
0.02838
0.03865
0.03747
0.02363
0.0214
0.03883
0.03728
0.02994
0.02416
0.02386
0.03528
0.01296
0.01816
0.01348
0.01826
0.0193
0.0254
0.04023
0.03703
0.02737
0.02138
0.04204
0.03682
0.02036
0.02073
0.05602
0.02199
0.02465
0.02854
0.02233
0.03069
0.02409
0.02087
0.03954
0.04472
0.02723
0.02071
0.03699
0.04459
0.03306
0.03076
0.04369
0.02375
0.02137
0.02066
0.05471
0.03091
0.02146
0.03393
0.02429
0.03299
0.01923
0.02965
0.04096
0.03451
0.005632
0.03384
0.03286
0.01892
0.02281
0.03645
0.0315
0.02296
0.03648
0.04404
0.02453
0.0232
0.03813
0.02133
0.03336
0.02191
0.05077
0.01964
0.02561
0.02167
0.04036
0.04059
0.03421
0.01998
0.04512
0.03553
0.02431
0.02443
0.03946
0.03411
0.02525
0.0268
0.03961
0.0262
0.01986
0.01947
0.03628
0.0312
0.0194
0.04615
0.03094
0.02067
0.05638
0.03444
0.02014
0.04411
0.03514
0.02752
0.02024
0.03864
0.04351
0.03278
0.01824
0.05591
0.03048
0.01844
0.04045
0.04354
0.03082
0.003405
0.02953
0.02632
0.02952
0.02081
0.02882
0.02769
0.01897
0.04478
0.03497
0.03524
0.02141
0.0253
0.03799
0.0329
0.02464
0.02144
0.03691
0.01911
0.02177
0.02215
0.0368
0.03463
0.02761
0.03113
0.01845
0.03933
0.02841
0.03168
0.01874
0.04279
0.01344
0.02816
0.01966
0.02329
0.02132
0.02061
0.03238
0.02422
0.02463
0.02109
0.03812
0.02587
0.01821
0.02409
0.02408
0.02274
0.01949
0.04564
0.019
0.03445
0.03528
0.04219
0.02454
0.03633
0.0285
0.02064
0.02144
0.05595
0.02883
0.02013
0.04569
0.02655
0.01971
0.03782
0.04037
0.02609
0.01819
0.04755
0.03229
0.02115
0.02862
0.03706
0.03358
0.02323
0.02847
0.03843
0.02122
0.02202
0.02066
0.05526
0.03431
0.02246
0.02397
0.03624
0.03211
0.02342
0.02769
0.03623
0.003636
0.03015
0.04315
0.004113
0.01879
0.02964
0.03838
0.02576
0.02407
0.02625
0.02047
0.035
0.02863
0.02041
0.03553
0.03611
0.02296
0.0192
0.05475
0.01929
0.02616
0.02002
0.03587
0.03752
0.03259
0.0207
0.04215
0.03703
0.02181
0.0284
0.0127
0.02545
0.02165
0.02917
0.02421
0.03027
0.02251
0.04062
0.03994
0.03933
0.02622
0.02317
0.04295
0.04563
0.03335
0.02258
0.04391
0.04322
0.0367
0.02284
0.02178
0.05075
0.05034
0.02989
0.03758
0.04215
0.03605
0.02223
0.03348
0.03928
0.03291
0.02461
0.02245
0.0314
0.0222
0.02969
0.04174
0.03371
0.01959
0.0321
0.03407
0.01987
0.0361
0.03464
0.0201
0.02234
0.0435
0.03518
0.02032
0.02273
0.03781
0.02593
0.0273
0.06217
0.02577
0.02656
0.03248
0.03379
0.03721
0.03105
0.0246
0.03128
0.04062
0.02431
0.04942
0.02514
0.04111
0.01382
0.02637
0.00465
0.04088
0.04271
0.02257
0.02351
0.0417
0.01474
0.02904
0.02007
0.00691
0.03673
0.03265
0.02577
0.05694
0.03705
0.00698
0.02276
0.06127
0.02718
0.026
0.02337
0.009555
0.02679
0.02941
0.004565
0.02845
0.03935
0.03784
0.004996
0.02176
0.05791
0.01289
0.02899
0.02306
0.0329
0.04668
0.02313
0.03227
0.04028
0.0393
0.02752
0.004657
0.06036
0.03413
0.02698
0.02529
0.04265
0.03925
0.03251
0.02263
0.04134
0.04029
0.03698
0.02402
0.02273
0.03275
0.03753
0.007292
0.02078
0.02378
0.04303
0.01255
0.0244
0.01389
0.03888
0.009228
0.02389
0.04149
0.02186
0.004041
0.02475
0.0134
0.0293
0.003519
0.0294
0.01515
0.02755
0.003529
0.05718
0.01107
0.02915
0.004677
0.03617
0.02445
0.02802
0.0218
0.05564
0.03405
0.02731
0.03849
0.03217
0.02107
0.04796
0.04717
0.03355
0.02317
0.04186
0.02298
0.02221
0.03137
0.04537
0.03265
0.02449
0.0386
0.04712
0.03647
0.02656
0.03771
0.03596
0.02525
0.02884
0.03782
0.03539
0.02122
0.03754
0.04681
0.03696
0.04506
0.03676
0.0275
0.02929
0.04222
0.02962
0.021
0.03037
0.04587
0.03719
0.02253
0.02311
0.03912
0.03707
0.02236
0.006029
0.03759
0.01432
0.02058
0.02357
0.04396
0.013
0.02914
0.01395
0.03686
0.003507
0.02396
0.01212
0.02413
0.003445
0.05104
0.01287
0.02357
0.02516
0.03998
0.03889
0.03213
0.02751
0.04454
0.03232
0.02513
0.0268
0.03292
0.04127
0.03241
0.02284
0.06143
0.02498
0.02726
0.02966
0.04372
0.04172
0.02983
0.03785
0.02665
0.0309
0.03321
0.003739
0.02883
0.01456
0.04076
0.04091
0.003589
0.03483
0.04427
0.01182
0.022
0.04865
0.03209
0.004167
0.02204
0.05304
0.01305
0.02167
0.03236
0.04291
0.03036
0.02136
0.04082
0.04115
0.03613
0.03313
0.01368
0.02017
0.003358
0.03904
0.03702
0.02227
0.02365
0.03705
0.03499
0.02301
0.003568
0.05725
0.01208
0.02017
0.01333
0.03409
0.004032
0.02087
0.02887
0.05095
0.007871
0.02394
0.01381
0.03725
0.003202
0.02837
0.05229
0.003441
0.02275
0.0129
0.02702
0.00334
0.02138
0.03174
0.03394
0.00392
0.02045
0.03863
0.03079
0.003348
0.0242
0.03901
0.03752
0.0212
0.02297
0.04486
0.03932
0.02573
0.03497
0.04864
0.0278
0.05202
0.0325
0.02702
0.03319
0.0433
0.03777
0.02494
0.05592
0.03673
0.04832
0.02586
0.02754
0.02335
0.03378
0.03417
0.03626
0.02481
0.04002
0.03774
0.02191
0.0418
0.03879
0.02246
0.03476
0.04243
0.02593
0.02351
0.04854
0.02837
0.03289
0.04214
0.02807
0.02456
0.04096
0.03697
0.02956
0.02841
0.04047
0.02358
0.02464
0.02304
0.05394
0.03648
0.02666
0.02309
0.03115
0.03882
0.02236
0.05476
0.03642
0.02451
0.02734
0.03866
0.03794
0.02673
0.02535
0.03444
0.02468
0.04371
0.04994
0.03175
0.02186
0.03494
0.03419
0.02969
0.03711
0.04739
0.02687
0.02331
0.03886
0.023
0.02315
0.05766
0.03893
0.02615
0.04532
0.0483
0.0348
0.02255
0.04188
0.03371
0.0256
0.03604
0.03956
0.02331
0.02642
0.04013
0.02738
0.02239
0.04909
0.03606
0.03285
0.02304
0.04093
0.03075
0.0205
0.03478
0.04525
0.04022
0.02629
0.0302
0.04099
0.03944
0.02806
0.02587
0.04354
0.03988
0.02934
0.05182
0.03457
0.02785
0.04221
0.03318
0.02456
0.04645
0.04946
0.03532
0.02406
0.05938
0.03767
0.02611
0.03011
0.04639
0.02586
0.0258
0.06004
0.0239
0.02352
0.03533
0.0242
0.02772
0.02235
0.02878
0.03725
0.0248
0.02306
0.05527
0.03679
0.02579
0.03435
0.04007
0.03561
0.04238
0.0301
0.02454
0.04333
0.04484
0.0275
0.02439
0.0567
0.03504
0.02695
0.02853
0.04069
0.02574
0.02311
0.04153
0.04799
0.03101
0.02837
0.05094
0.02455
0.026
0.04195
0.03301
0.02222
0.03168
0.04012
0.02952
0.02306
0.02481
0.04174
0.03884
0.02286
0.02442
0.03706
0.02237
0.03933
0.03667
0.02371
0.041
0.04256
0.02863
0.02422
0.03932
0.04846
0.03519
0.02498
0.02412
0.02559
0.03994
0.03919
0.02447
0.03984
0.04727
0.0348
0.02119
0.04998
0.03544
0.03033
0.02666
0.04416
0.03414
0.0213
0.0396
0.05078
0.03227
0.023
0.03924
0.02812
0.02265
0.03615
0.04761
0.03271
0.02136
0.04655
0.02856
0.02246
0.03507
0.03338
0.02296
0.04618
0.04961
0.0341
0.02277
0.03961
0.05182
0.02313
0.02343
0.0405
0.03621
0.02211
0.03511
0.02219
0.02355
0.02376
0.04087
0.02849
0.0249
0.04013
0.04398
0.03704
0.02251
0.04865
0.02642
0.02271
0.04162
0.02528
0.02832
0.02368
0.05589
0.03282
0.02881
0.02164
0.03903
0.03891
0.02859
0.03199
0.04587
0.03749
0.02503
0.04142
0.02473
0.02237
0.04099
0.03228
0.02473
0.06518
0.03408
0.02467
0.04371
0.0384
0.02523
0.04049
0.03403
0.02146
0.03974
0.02313
0.03966
0.02206
0.02818
0.04376
0.03559
0.0452
0.04731
0.03007
0.02665
0.05532
0.03644
0.03418
0.02638
0.05481
0.02467
0.02369
0.02842
0.03472
0.02497
0.04044
0.05047
0.03002
0.02544
0.05467
0.03641
0.02214
0.02988
0.04152
0.02253
0.02104
0.04232
0.05002
0.03302
0.02379
0.04062
0.0375
0.02374
0.0379
0.04858
0.03177
0.02258
0.03469
0.03625
0.02874
0.02253
0.046
0.03927
0.02382
0.02851
0.03957
0.03323
0.02248
0.0409
0.02115
0.02222
0.03579
0.0454
0.03622
0.02427
0.04321
0.05141
0.02866
0.02412
0.04527
0.03265
0.0213
0.02837
0.04569
0.009341
0.02162
0.03281
0.03363
0.02185
0.03604
0.03686
0.02473
0.022
0.03834
0.04836
0.03247
0.02443
0.05073
0.05131
0.02649
0.0433
0.03955
0.02652
0.02646
0.03467
0.03536
0.0226
0.05002
0.04703
0.03019
0.0222
0.03608
0.01282
0.04043
0.004536
0.03966
0.01017
0.02307
0.03637
0.008538
0.02431
0.03932
0.04492
0.03907
0.02495
0.03711
0.04453
0.03866
0.02426
0.0382
0.04873
0.04171
0.02381
0.04074
0.03945
0.03609
0.02627
0.02462
0.04297
0.04243
0.02803
0.03833
0.03945
0.0232
0.03592
0.0401
0.02458
0.04043
0.03799
0.02792
0.02435
0.04019
0.02812
0.02349
0.02486
0.04357
0.03822
0.02386
0.05098
0.03649
0.03041
0.02755
0.03906
0.02543
0.02392
0.04888
0.03567
0.02634
0.03668
0.0273
0.02407
0.04315
0.05093
0.02234
0.03055
0.05169
0.0314
0.02317
0.03648
0.03041
0.02296
0.0242
0.04049
0.0344
0.0223
0.02889
0.04125
0.03921
0.02453
0.02586
0.04246
0.03934
0.02232
0.02533
0.04152
0.02668
0.02425
0.003598
0.03722
0.003365
0.0514
0.03202
0.02365
0.04816
0.02706
0.03348
0.02492
0.03503
0.0375
0.03898
0.02279
0.03626
0.04639
0.03555
0.02445
0.05141
0.0286
0.02899
0.04395
0.02825
0.06062
0.03119
0.02547
0.04274
0.02742
0.02277
0.04385
0.05026
0.03388
0.02247
0.05436
0.02714
0.02219
0.02075
0.03619
0.03405
0.02539
0.02149
0.0387
0.03184
0.022
0.03868
0.02957
0.02388
0.03461
0.04925
0.02802
0.02469
0.04658
0.02292
0.06124
0.02791
0.02156
0.0394
0.02443
0.03806
0.04542
0.02813
0.02317
0.03844
0.04823
0.02864
0.02361
0.05316
0.03453
0.03142
0.02514
0.03167
0.03744
0.022
0.02895
0.04277
0.03425
0.02323
0.02223
0.04161
0.02373
0.03293
0.03506
0.02371
0.02101
0.0353
0.03746
0.03676
0.02557
0.04837
0.03259
0.02189
0.04169
0.04757
0.03998
0.06423
0.03126
0.02593
0.02445
0.03944
0.03846
0.02262
0.05312
0.03519
0.02409
0.03606
0.04908
0.02858
0.03983
0.03792
0.02167
0.03816
0.0518
0.03384
0.02307
0.003514
0.05187
0.03258
0.02323
0.04439
0.0365
0.0257
0.03889
0.05357
0.02902
0.02785
0.04231
0.03547
0.02119
0.04977
0.02395
0.02313
0.03251
0.04474
0.02269
0.039
0.05083
0.03532
0.02838
0.05048
0.05822
0.02953
0.03159
0.04832
0.03928
0.02551
0.04375
0.04062
0.0266
0.0568
0.03743
0.03146
0.02686
0.06723
0.03117
0.02703
0.025
0.0646
0.03208
0.02936
0.02808
0.04183
0.02524
0.05093
0.03959
0.02647
0.008001
0.04792
0.03561
0.02347
0.05197
0.05743
0.03434
0.0277
0.04687
0.02792
0.04
0.003687
0.04508
0.01212
0.0257
0.01383
0.04205
0.003511
0.04874
0.01369
0.03616
0.00359
0.03392
0.004655
0.02667
0.04042
0.04308
0.003544
0.02884
0.01488
0.03871
0.04733
0.004283
0.02621
0.02577
0.03216
0.009756
0.02949
0.0138
0.04337
0.01541
0.02747
0.04714
0.0343
0.03143
0.02704
0.04663
0.03662
0.05491
0.04312
0.02847
0.05437
0.03973
0.02863
0.03282
0.04627
0.02924
0.02861
0.04673
0.04745
0.0396
0.02651
0.06335
0.0278
0.003561
0.03558
0.01363
0.03078
0.02355
0.01701
0.02807
0.02538
0.02437
0.04411
0.03041
0.02601
0.06023
0.03124
0.03074
0.02838
0.04422
0.03891
0.03362
0.03565
0.0477
0.03623
0.02583
0.04573
0.03762
0.02366
0.05274
0.03441
0.03046
0.03791
0.04909
0.0321
0.02561
0.03756
0.003412
0.03898
0.003429
0.03089
0.008329
0.02511
0.04084
0.04131
0.003388
0.02632
0.01435
0.05591
0.005905
0.03118
0.003568
0.03009
0.00328
0.03097
0.01477
0.03601
0.003478
0.04359
0.01373
0.02823
0.03739
0.01467
0.02435
0.02893
0.04606
0.03847
0.02758
0.05323
0.02815
0.02959
0.05136
0.0294
0.0278
0.04489
0.04963
0.03078
0.03078
0.0318
0.05881
0.0308
0.02753
0.04995
0.05628
0.02707
0.03362
0.0462
0.03162
0.004597
0.04104
0.03034
0.02802
0.03544
0.02468
0.03766
0.0239
0.02402
0.02262
0.04717
0.05069
0.02668
0.02318
0.06204
0.0299
0.02304
0.03783
0.04869
0.03268
0.03838
0.03756
0.02189
0.03593
0.04743
0.03572
0.0234
0.05114
0.05113
0.02762
0.04657
0.05307
0.02659
0.06728
0.03283
0.02702
0.02665
0.04199
0.05403
0.02865
0.02591
0.04632
0.02517
0.03045
0.02347
0.04442
0.04197
0.02667
0.04436
0.04208
0.02742
0.04049
0.02487
0.02897
0.02969
0.07031
0.03439
0.02562
0.003782
0.0393
0.02871
0.003806
0.0586
0.03114
0.02701
0.02639
0.04827
0.02384
0.03247
0.02553
0.04106
0.01433
0.03429
0.02446
0.05993
0.03197
0.02628
0.03569
0.05177
0.03334
0.02491
0.05084
0.02481
0.0354
0.026
0.03907
0.03038
0.04534
0.03308
0.02545
0.05419
0.02802
0.02483
0.02393
0.06106
0.02619
0.0243
0.0286
0.04655
0.02529
0.02416
0.03848
0.05465
0.02462
0.02431
0.04013
0.04029
0.02296
0.02187
0.04148
0.04929
0.03477
0.02496
0.0246
0.02963
0.04717
0.02559
0.02282
0.04494
0.02373
0.02261
0.03848
0.04954
0.02419
0.02409
0.05355
0.02426
0.02655
0.02442
0.05262
0.04985
0.03432
0.02354
0.05582
0.0273
0.02455
0.03364
0.04654
0.03393
0.02322
0.03057
0.02278
0.03167
0.04638
0.02798
0.0234
0.04453
0.03055
0.02409
0.04316
0.04633
0.03584
0.0244
0.04575
0.03081
0.02368
0.04195
0.02986
0.01358
0.02127
0.06218
0.007535
0.02264
0.04509
0.04368
0.0334
0.003722
0.05636
0.03233
0.06226
0.003623
0.02567
0.009614
0.04555
0.01181
0.02304
0.04216
0.02734
0.02573
0.004908
0.03825
0.009799
0.04703
0.03235
0.003829
0.03681
0.02274
0.003544
0.05302
0.01215
0.02409
0.02214
0.0536
0.004827
0.03016
0.009695
0.02662
0.03609
0.02458
0.003699
0.02753
0.04191
0.03965
0.003382
0.03501
0.01339
0.03419
0.003576
0.03564
0.007564
0.02451
0.03026
0.0386
0.003119
0.02437
0.03786
0.02905
0.003354
0.02696
0.04651
0.03287
0.04443
0.03418
0.02444
0.06343
0.03364
0.02399
0.04194
0.03903
0.02309
0.02832
0.05032
0.02642
0.02548
0.04754
0.03362
0.02314
0.03896
0.0383
0.02308
0.04427
0.0134
0.0241
0.02734
0.04506
0.0271
0.02435
0.06129
0.02469
0.05629
0.02729
0.02766
0.03107
0.04574
0.03677
0.02482
0.03941
0.05357
0.02284
0.02745
0.03372
0.03081
0.02476
0.02709
0.06403
0.0378
0.0262
0.03395
0.04834
0.0339
0.03255
0.0137
0.02781
0.02578
0.06446
0.02754
0.03131
0.04653
0.009304
0.02368
0.04424
0.02886
0.02426
0.04538
0.03349
0.004418
0.04981
0.02418
0.007727
0.02602
0.005262
0.02463
0.01968
0.05069
0.008503
0.02441
0.06419
0.009287
0.02613
0.03821
0.04186
0.003673
0.0245
0.01232
0.02502
0.04765
0.01291
0.02508
0.01661
0.0435
0.008735
0.02245
0.0507
0.02749
0.02397
0.03841
0.007696
0.02552
0.01338
0.02651
0.01001
0.02509
0.01402
0.04038
0.003352
0.05919
0.007819
0.02619
0.003432
0.02843
0.005334
0.03074
0.01409
0.02602
0.003327
0.0435
0.003247
0.02836
0.003367
0.04092
0.01344
0.02423
0.01324
0.05274
0.004762
0.02648
0.01403
0.02995
0.004014
0.03849
0.006739
0.0411
0.00352
0.04948
0.01352
0.03336
0.003548
0.02956
0.003519
0.05229
0.01294
0.02452
0.02253
0.02544
0.006269
0.02462
0.04687
0.0353
0.02608
0.05376
0.02924
0.02918
0.04446
0.03238
0.02977
0.06484
0.03255
0.02658
0.03105
0.04247
0.04074
0.0261
0.04477
0.026
0.02393
0.0458
0.0374
0.02381
0.04527
0.03078
0.02658
0.05427
0.03627
0.02425
0.03039
0.05093
0.0271
0.02478
0.04897
0.01352
0.02423
0.02956
0.04714
0.0351
0.02464
0.04265
0.03893
0.02408
0.03329
0.009086
0.0238
0.05708
0.02561
0.0347
0.04705
0.03474
0.02372
0.04172
0.05113
0.03045
0.0247
0.05043
0.04905
0.02281
0.02273
0.05832
0.03136
0.02306
0.03583
0.01468
0.02664
0.02319
0.0649
0.03071
0.02404
0.04188
0.01426
0.02315
0.02848
0.05416
0.02648
0.02498
0.0251
0.03574
0.02883
0.0237
0.043
0.05515
0.02853
0.02354
0.05004
0.01285
0.02299
0.02237
0.04454
0.05189
0.0307
0.02542
0.05116
0.05286
0.0288
0.02704
0.0393
0.03871
0.02519
0.04782
0.03777
0.02717
0.02869
0.06031
0.03566
0.02948
0.03662
0.0539
0.003472
0.02569
0.06675
0.03396
0.0246
0.04536
0.03495
0.02461
0.0403
0.02826
0.02555
0.04338
0.05003
0.03111
0.02529
0.0667
0.0328
0.02412
0.04155
0.02526
0.04182
0.05566
0.02481
0.02571
0.05698
0.03661
0.02594
0.02427
0.04599
0.03461
0.02249
0.0337
0.04843
0.03076
0.04125
0.02511
0.02792
0.02374
0.02293
0.02191
0.05397
0.0227
0.02311
0.04795
0.0314
0.02633
0.02502
0.02509
0.04562
0.02958
0.03077
0.02664
0.03489
0.02907
0.02466
0.03416
0.04876
0.03132
0.003444
0.05896
0.02625
0.02548
0.04083
0.04934
0.03513
0.02464
0.048
0.02383
0.02575
0.051
0.03659
0.02722
0.02496
0.03219
0.02553
0.03558
0.03963
0.02367
0.03418
0.0483
0.0299
0.05192
0.02361
0.003754
0.03926
0.03832
0.02417
0.04102
0.05027
0.03297
0.02475
0.0425
0.03654
0.02354
0.03313
0.03619
0.005229
0.02309
0.01001
0.02381
0.02636
0.03897
0.003447
0.03908
0.05399
0.00449
0.0234
0.0666
0.0322
0.03866
0.05748
0.0289
0.02618
0.03994
0.04897
0.03867
0.02662
0.03067
0.04238
0.04058
0.02449
0.047
0.05399
0.03192
0.03281
0.04458
0.02947
0.04197
0.05895
0.02824
0.02904
0.05129
0.03294
0.02357
0.05305
0.05631
0.02779
0.02458
0.0373
0.03913
0.02393
0.02655
0.03944
0.02782
0.003585
0.02763
0.01411
0.03989
0.003212
0.04572
0.01314
0.02709
0.009205
0.03275
0.004127
0.04778
0.003089
0.0262
0.01729
0.05427
0.003087
0.03736
0.01288
0.02922
0.01201
0.04619
0.02579
0.02814
0.05098
0.06071
0.02955
0.02945
0.0376
0.03331
0.03218
0.02975
0.04841
0.03965
0.003604
0.06406
0.02765
0.05226
0.05856
0.03073
0.02577
0.04669
0.02754
0.02494
0.05214
0.05585
0.004936
0.02523
0.05869
0.03711
0.004715
0.03466
0.01391
0.03417
0.02498
0.06256
0.03609
0.02543
0.02769
0.0461
0.03532
0.02466
0.06708
0.004705
0.04766
0.03566
0.02484
0.03912
0.03922
0.02401
0.04304
0.02656
0.02425
0.05207
0.03686
0.02793
0.02483
0.0421
0.02727
0.02354
0.03762
0.04053
0.0249
0.02771
0.04647
0.03268
0.02412
0.03398
0.04816
0.03252
0.04641
0.06147
0.02726
0.04639
0.05696
0.02741
0.0344
0.05115
0.03232
0.02749
0.04689
0.02611
0.02453
0.05406
0.03655
0.02817
0.03929
0.05636
0.02951
0.03536
0.05745
0.02726
0.03831
0.05668
0.03183
0.03173
0.05037
0.02794
0.0146
0.0346
0.003511
0.06483
0.02824
0.02973
0.06453
0.03253
0.03047
0.05372
0.03567
0.02888
0.04754
0.03355
0.03315
0.02934
0.05282
0.02802
0.02692
0.06336
0.03239
0.02914
0.05451
0.05215
0.03314
0.04522
0.04172
0.02951
0.04009
0.05304
0.03095
0.03111
0.05051
0.03077
0.03288
0.05016
0.03085
0.0272
0.06976
0.03672
0.04953
0.04711
0.03551
0.02719
0.03751
0.04845
0.03126
0.02714
0.0646
0.03599
0.03052
0.05092
0.03353
0.04629
0.05642
0.0278
0.02696
0.0443
0.03946
0.02637
0.04892
0.03426
0.02774
0.03399
0.04845
0.02795
0.02507
0.04509
0.0312
0.02499
0.03962
0.05179
0.02533
0.02425
0.03753
0.05026
0.03343
0.03753
0.03396
0.05366
0.05041
0.03237
0.02787
0.03949
0.02499
0.05238
0.03773
0.02603
0.03883
0.05489
0.0337
0.02732
0.0506
0.03595
0.06938
0.03045
0.03021
0.04978
0.0332
0.02629
0.0643
0.03194
0.02555
0.04008
0.0577
0.02509
0.04405
0.02808
0.03517
0.05145
0.03261
0.02778
0.0509
0.03077
0.02587
0.04997
0.02473
0.02472
0.04939
0.0283
0.02521
0.06823
0.03055
0.02504
0.0646
0.02672
0.02577
0.05232
0.03162
0.02479
0.06539
0.0306
0.02433
0.02939
0.02418
0.05793
0.02625
0.02481
0.03899
0.05567
0.02765
0.03714
0.05797
0.02478
0.02508
0.04919
0.02655
0.02523
0.05485
0.03537
0.0246
0.02421
0.06285
0.03467
0.02454
0.04697
0.02428
0.02364
0.03958
0.05237
0.03106
0.04543
0.05613
0.0297
0.02558
0.04627
0.05644
0.02878
0.03956
0.03977
0.05296
0.02813
0.0397
0.05728
0.03132
0.03698
0.0248
0.03264
0.02385
0.05972
0.0361
0.02414
0.0548
0.02696
0.03113
0.05857
0.02762
0.02445
0.03127
0.03719
0.02696
0.0258
0.02692
0.05046
0.03116
0.03293
0.05607
0.03138
0.02849
0.04794
0.03246
0.05373
0.03787
0.02518
0.04862
0.02476
0.02496
0.04607
0.02901
0.0272
0.04866
0.02803
0.02572
0.02499
0.04907
0.03268
0.05238
0.02835
0.02851
0.04825
0.02742
0.0264
0.06395
0.03495
0.02549
0.04599
0.05675
0.02884
0.02954
0.04719
0.03309
0.02503
0.03525
0.05023
0.02549
0.02528
0.03944
0.0252
0.02375
0.05662
0.03632
0.02376
0.05703
0.02683
0.03366
0.03773
0.02492
0.02794
0.0484
0.02493
0.02427
0.04068
0.05575
0.02403
0.02401
0.06969
0.02653
0.02466
0.03638
0.05081
0.02952
0.0234
0.05802
0.02708
0.02448
0.03267
0.0509
0.02819
0.02439
0.05858
0.02753
0.03818
0.05559
0.02617
0.02604
0.04007
0.028
0.02467
0.04337
0.02612
0.03285
0.02672
0.04693
0.05875
0.02876
0.02403
0.04721
0.02642
0.02463
0.04716
0.03052
0.02972
0.04768
0.03281
0.02898
0.02433
0.0331
0.06505
0.0333
0.02506
0.06328
0.03524
0.02495
0.05598
0.02771
0.02458
0.04011
0.05682
0.0277
0.02375
0.05238
0.03071
0.02537
0.02473
0.05634
0.02631
0.03819
0.03074
0.02352
0.03695
0.02701
0.02771
0.02398
0.0395
0.02322
0.05785
0.02614
0.02302
0.04368
0.05439
0.02537
0.03639
0.02912
0.04859
0.03364
0.02878
0.03526
0.05536
0.02411
0.02482
0.04282
0.0269
0.02414
0.0461
0.05265
0.02505
0.02378
0.04853
0.03208
0.02458
0.03842
0.02509
0.02669
0.04254
0.03041
0.02317
0.02341
0.05798
0.02797
0.03658
0.05598
0.02661
0.01813
0.03138
0.005432
0.02195
0.04824
0.03552
0.02409
0.04581
0.03414
0.02418
0.04748
0.05571
0.02307
0.0411
0.0379
0.04754
0.02904
0.05204
0.003544
0.03004
0.0317
0.003498
0.02602
0.003373
0.04073
0.003416
0.0272
0.01049
0.02602
0.0338
0.04886
0.02971
0.02529
0.06449
0.03147
0.02627
0.04087
0.04016
0.02763
0.04434
0.0614
0.0287
0.05941
0.03105
0.02833
0.06605
0.03231
0.02579
0.04376
0.02886
0.02867
0.02687
0.07496
0.02818
0.02738
0.05459
0.03609
0.02751
0.0469
0.03214
0.02837
0.03879
0.05778
0.03236
0.04373
0.03103
0.04285
0.02656
0.02543
0.04098
0.0268
0.0481
0.03786
0.02815
0.05085
0.03288
0.03623
0.05797
0.02804
0.03558
0.04798
0.03472
0.02745
0.04507
0.05642
0.03154
0.04525
0.05992
0.02909
0.0362
0.05551
0.02831
0.02631
0.05608
0.03724
0.02513
0.04681
0.05841
0.02929
0.0259
0.05361
0.02693
0.03723
0.05405
0.02805
0.02633
0.0647
0.03365
0.02636
0.05568
0.02536
0.02554
0.05074
0.02567
0.03202
0.02502
0.05118
0.05655
0.02668
0.0388
0.05074
0.02378
0.04384
0.05722
0.02705
0.02628
0.0517
0.05599
0.02762
0.02431
