0.0004543
0.0003048
0.0003256
0.0003043
0.0007237
0.0004081
0.0004195
0.0007437
0.0006819
0.0006489
0.0005211
0.0005035
0.0007365
0.000726
0.0004315
0.000543
0.0004077
0.0005539
0.0003762
0.0006124
0.0004245
0.0004871
0.0005651
0.0003688
0.0005979
0.0004491
0.0007796
0.0003898
0.000574
0.001139
0.0003841
0.001046
0.001122
0.000586
0.0006672
0.0005044
0.0004678
0.0005361
0.0004453
0.0004742
0.0005508
0.0006386
0.001134
0.0005206
0.0005636
0.0005825
0.0005943
0.0008246
0.0004781
0.0005356
0.000546
0.0005399
0.0004994
0.0005102
0.0005956
0.0004933
0.0005152
0.0004734
0.000508
0.0004992
0.000565
0.0005856
0.0005319
0.0004661
0.0004672
0.0005594
0.0007559
0.0004472
0.0004404
0.0004191
0.000894
0.0009841
0.0007023
0.0005077
0.0006221
0.0006548
0.0005289
0.0005787
0.0004535
0.0005776
0.0003999
0.0007195
0.000479
0.000339
0.000321
0.0003672
0.0003382
0.0005453
0.0004438
0.0004203
0.0003458
0.0003818
0.0004576
0.0003477
0.0004597
0.0003961
0.0003878
0.0003831
0.000402
0.0003752
0.0004946
0.0006614
0.0003181
0.0004531
0.0005519
0.0004477
0.000528
0.0003788
0.0006938
0.00117
0.0008363
0.001105
0.000555
0.0006018
0.0006269
0.0004359
0.0006244
0.0004827
0.0004322
0.0007531
0.0003662
0.0003751
0.0005686
0.0006949
0.0004271
0.0007522
0.0003615
0.0003822
0.000643
0.001098
0.0007238
0.0006898
0.0005093
0.0003541
0.0003833
0.0002934
0.000307
0.0003722
0.000443
0.0006485
0.0005655
0.0005099
0.0003249
0.0003109
0.0003943
0.000316
0.0003153
0.0004259
0.0003698
0.000565
0.000743
0.0003328
0.0005647
0.0004899
0.0004017
0.0004754
0.0005618
0.0005737
0.0003957
0.0005603
0.0004416
0.0003715
0.0004612
0.0004034
0.0003903
0.000384
0.0004482
0.0004049
0.0004057
0.000514
0.0006827
0.0004468
0.0004309
0.0006586
0.0005518
0.0004402
0.0004407
0.0003991
0.0006227
0.0005111
0.0004261
0.0003911
0.0003706
0.0003852
0.0007262
0.0003647
0.0007466
0.0003348
0.0005214
0.0003116
0.0005947
0.0003247
0.0004855
0.000851
0.0004175
0.0004757
0.0004058
0.0004356
0.0004168
0.0003834
0.000362
0.0003363
0.0003441
0.0003839
0.0003731
0.0003676
0.0003573
0.0003731
0.0004235
0.0003554
0.0003762
0.0003661
0.0003447
0.0003368
0.0003267
0.0003314
0.0004167
0.000391
0.0003836
0.00032
0.0002741
0.0003372
0.000269
0.0003209
0.0002929
0.0003063
0.0003624
0.0003931
0.0004076
0.000337
0.0003901
0.0004667
0.0003766
0.0004398
0.0004139
0.0003844
0.0004051
0.0004246
0.0004246
0.0003447
0.000308
0.0002665
0.0003162
0.0003161
0.0002595
0.0003296
0.0002286
0.0002431
0.000417
0.0003914
0.0004368
0.0004723
0.0002757
0.0003896
0.0003036
0.0004315
0.0003061
0.000354
0.000518
0.0002719
0.0004427
0.000403
0.0003911
0.0005122
0.0003694
0.0003433
0.0003517
0.0003622
0.0004549
0.0003887
0.0003347
0.0002574
0.0002872
0.0003014
0.0002834
0.0003984
0.0003071
0.0002877
0.0003672
0.0002881
0.0004423
0.0003799
0.0004425
0.0003704
0.0004506
0.0003538
0.000356
0.0002749
0.0002569
0.0002713
0.0003033
0.0003313
0.0003954
0.0003837
0.0004885
0.0005099
0.0004298
0.0003504
0.0005278
0.0005301
0.0003825
0.0003226
0.000371
0.000379
0.0003804
0.0003613
0.0004289
0.0003993
0.0004668
0.0003152
0.0003497
0.000264
0.0004575
0.0002975
0.0002673
0.0003434
0.0002491
0.0004228
0.0003615
0.0003732
0.0004511
0.0003928
0.0002822
0.0002954
0.0004052
0.0004961
0.0002814
0.0004186
0.0002806
0.00085
0.0003605
0.0003295
0.0003458
0.0002751
0.0003091
0.0003256
0.0005198
0.0004902
0.000758
0.000434
0.0006207
0.0005233
0.0006207
0.0003055
0.0004625
0.0003772
0.0003307
0.0002718
0.000259
0.0002539
0.0003776
0.0002747
0.000275
0.0004095
0.0002988
0.0004408
0.0002518
0.000657
0.0003905
0.000361
0.0004384
0.0004717
0.0004074
0.0004012
0.0004914
0.0005264
0.0004499
0.000499
0.0004127
0.0005032
0.0003509
0.0005041
0.0003563
0.0003551
0.0003799
0.000362
0.0003706
0.0004995
0.0005268
0.0007063
0.0005706
0.0004345
0.0004724
0.0004016
0.0003849
0.0004742
0.0004323
0.0004296
0.0004219
0.0003954
0.0004164
0.0003855
0.000458
0.0006304
0.0003969
0.0003861
0.0006516
0.0005722
0.0006609
0.0005117
0.0007725
0.0004459
0.000448
0.0004332
0.0004359
0.0004317
0.0004289
0.0004175
0.0004074
0.0004851
0.0005872
0.0006156
0.000509
0.0004381
0.0005475
0.0004409
0.0005633
0.0003828
0.0003855
0.000602
0.0004073
0.0004065
0.0003713
0.000366
0.0004191
0.000578
0.0005285
0.0004332
0.0003492
0.000402
0.0004443
0.0004746
0.0005357
0.0003795
0.0004131
0.0003299
0.0005947
0.0003465
0.0003923
0.000466
0.0004471
0.0003815
0.0004663
0.0003726
0.0003982
0.0003808
0.0003733
0.0004079
0.0004438
0.0003928
0.0003645
0.0003944
0.0004687
0.0003502
0.0004591
0.0003386
0.0003697
0.0004123
0.0004644
0.0003907
0.0004324
0.0003653
0.0003419
0.0006865
0.0004207
0.0003958
0.0004629
0.0004051
0.0005086
0.0006324
0.0004548
0.000473
0.0004139
0.0004183
0.0004309
0.0004141
0.0004176
0.0003776
0.0004497
0.0004046
0.0003798
0.0003678
0.0005025
0.0003972
0.000395
0.0003715
0.0004082
0.0004144
0.0004233
0.000388
0.0004059
0.0009827
0.0004084
0.0004611
0.0004067
0.0004039
0.0003937
0.0004092
0.0003649
0.0003411
0.0003516
0.0003613
0.0003941
0.0004306
0.000334
0.0003737
0.0003439
0.0003386
0.0003594
0.0003777
0.000369
0.0004326
0.0005008
0.0003919
0.0004385
0.0003923
0.0003527
0.0003595
0.0004863
0.0003899
0.0003653
0.0003788
0.0004213
0.0003578
0.0003605
0.000471
0.0003931
0.0003888
0.000388
0.0003991
0.0004209
0.0004471
0.000441
0.0004473
0.0004234
0.0004255
0.0004005
0.000402
0.0003683
0.0003498
0.0009014
0.0004761
0.0003539
0.0004089
0.0003272
0.0003809
0.0003647
0.0003075
0.0002785
0.0003411
0.0004196
0.0003276
0.0003912
0.0003014
0.0002958
0.00027
0.0003444
0.0003467
0.0003415
0.000357
0.0003151
0.0003242
0.0003425
0.000445
0.0004267
0.0004063
0.0003846
0.0003881
0.0003537
0.0003475
0.00032
0.0003417
0.0003325
0.0004656
0.0004183
0.000363
0.0003399
0.0005672
0.0003965
0.0004955
0.0004175
0.000428
0.0003586
0.0003341
0.0003748
0.0006454
0.0004255
0.000284
0.0004283
0.0003542
0.000326
0.0003386
0.0003136
0.0005032
0.0005003
0.0003619
0.0003313
0.0004224
0.0004818
0.0004366
0.0004257
0.0004521
0.0006104
0.0005084
0.0007447
0.0005097
0.0005874
0.0004027
0.0005287
0.0004232
0.0003559
0.0004115
0.0004935
0.0005146
0.0006243
0.0005025
0.0004866
0.0006032
0.0004041
0.0004164
0.0004588
0.0004455
0.0004516
0.0004349
0.0005154
0.0005811
0.0004196
0.000382
0.0004152
0.000494
0.0004784
0.0006961
0.0003072
0.0004791
0.0005727
0.0006186
0.0004748
0.0005519
0.0003975
0.0004356
0.0003408
0.0006726
0.0005187
0.0004207
0.0003548
0.0003535
0.0003331
0.0004768
0.0003336
0.0003344
0.0005107
0.0003893
0.0003965
0.0004448
0.0003416
0.0003862
0.00038
0.0003009
0.0004307
0.0003297
0.0003839
0.0004388
0.0004913
0.0004273
0.0003796
0.0005625
0.0004974
0.0004777
0.0004348
0.0004772
0.0003018
0.0004507
0.0004293
0.0004199
0.0004393
0.0003342
0.000359
0.0003632
0.0002955
0.0003716
0.0002449
0.0002879
0.0002951
0.0003795
0.000413
0.0003639
0.000446
0.000262
0.0008764
0.0005526
0.0003099
0.0003189
0.0003386
0.0003126
0.000387
0.0003494
0.0003229
0.0003403
0.0004396
0.0005017
0.0003307
0.0003482
0.0003572
0.000345
0.0004272
0.0003884
0.0004005
0.0004028
0.0007339
0.0004232
0.000358
0.000332
0.0002845
0.000269
0.0004584
0.0003467
0.0003517
0.0002954
0.0004046
0.0003818
0.0002889
0.000328
0.0003381
0.0004156
0.000357
0.0003968
0.0004474
0.0004285
0.0003255
0.0004244
0.0004072
0.0002968
0.0003441
0.0003835
0.0004094
0.0002966
0.0002733
0.0003286
0.0003648
0.0004414
0.0003604
0.000341
0.0003744
0.0004605
0.0003265
0.0004492
0.0004373
0.0003871
0.0003427
0.000339
0.0003013
0.0009371
0.0004426
0.000477
0.0005186
0.0005121
0.0004819
0.0003814
0.0003839
0.000425
0.00042
0.0004843
0.000449
0.0004679
0.0005257
0.0004863
0.0003916
0.0003075
0.0003157
0.0004937
0.0005219
0.0004315
0.0003362
0.0003007
0.0003481
0.0002782
0.000322
0.0004413
0.0003667
0.0004693
0.0004173
0.000326
0.0004045
0.0003445
0.000364
0.0003296
0.0004091
0.0004173
0.0003486
0.0003736
0.0003279
0.0003189
0.001106
0.0004754
0.0006171
0.0004797
0.000516
0.0004409
0.0006822
0.000872
0.0004558
0.0004781
0.0004708
0.0005551
0.0004201
0.0004573
0.0008327
0.0003204
0.0004338
0.0005126
0.0004041
0.0005055
0.0003101
0.0003086
0.0005419
0.0004609
0.0004528
0.0005169
0.0004131
0.0004357
0.0003539
0.0006295
0.0003957
0.0004096
0.000365
0.0003992
0.0004136
0.0003764
0.0002806
0.0002953
0.0002881
0.0003023
0.0002786
0.0003541
0.0004319
0.0003489
0.0004009
0.0004179
0.0004379
0.0004239
0.0003991
0.0007549
0.0004558
0.0004856
0.0005455
0.0009729
0.0007723
0.0004837
0.0003651
0.0004434
0.0002553
0.0003911
0.0004195
0.0004959
0.0004854
0.0003731
0.0003894
0.0004102
0.0005442
0.0004456
0.0004601
0.0009633
0.0005122
0.0005438
0.0005006
0.0005155
0.0005653
0.0005276
0.001178
0.0003725
0.0006022
0.0006734
0.0005914
0.0004701
0.0008892
0.0007804
0.0004557
0.0004688
0.0007414
0.0004902
0.0005411
0.000384
0.0003659
0.0003884
0.0003746
0.0003682
0.0003913
0.0003913
0.0004388
0.000637
0.0004633
0.0004372
0.0004143
0.0004542
0.0004919
0.0004945
0.0004531
0.0004401
0.0004753
0.0005438
0.0004425
0.001013
0.0004219
0.0004587
0.0004194
0.0006132
0.0004435
0.000401
0.0003646
0.0002963
0.0004138
0.0003131
0.0003384
0.000281
0.0004334
0.0003594
0.0004146
0.0003713
0.0004844
0.0004961
0.0004915
0.0004594
0.0004323
0.0004634
0.0004018
0.0003745
0.0004138
0.0003877
0.000385
0.0002924
0.0004509
0.0004289
0.0003517
0.0004053
0.0003911
0.000385
0.0004033
0.0003921
0.0004156
0.0003797
0.0003281
0.000324
0.0003351
0.0003311
0.0004236
0.0004614
0.0004709
0.0005727
0.0004639
0.0003738
0.000453
0.0009365
0.0004583
0.0004312
0.0004061
0.0004914
0.000438
0.0004452
0.0005385
0.0004509
0.0006008
0.0004528
0.0004736
0.0006397
0.0004629
0.0006089
0.0004439
0.0004571
0.000568
0.0009948
0.0006314
0.000511
0.000535
0.000583
0.000414
0.0004667
0.0004195
0.0004105
0.0004495
0.0006216
0.0004475
0.0004212
0.000438
0.0004612
0.000371
0.0003684
0.0003241
0.0007522
0.0003589
0.000386
0.0005805
0.0003998
0.0003183
0.0002909
0.0003646
0.0003923
0.0004083
0.0004689
0.0003896
0.0004527
0.0003887
0.0004673
0.0005286
0.00039
0.0003189
0.0003261
0.00047
0.0003809
0.0003281
0.0003584
0.0003945
0.0004521
0.0006755
0.0005151
0.0007443
0.0004956
0.0004248
0.0004712
0.0004476
0.0004911
0.0004155
0.000399
0.0004357
0.00049
0.0004094
0.0004184
0.0003405
0.000492
0.0004074
0.0003539
0.0004274
0.0004262
0.0005421
0.0003478
0.0003419
0.0003871
0.0003862
0.0004298
0.000443
0.0005059
0.0003652
0.000477
0.0003441
0.0004287
0.0003359
0.0003307
0.0003433
0.0003615
0.0003207
0.0003526
0.0002591
0.0003207
0.000422
0.0005631
0.0003862
0.0003744
0.0004125
0.0004246
0.0003737
0.0003796
0.0003674
0.0002848
0.0004072
0.0002964
0.0003839
0.0004684
0.0004761
0.0005826
0.0006851
0.0004781
0.0005105
0.0004557
0.0004435
0.0004098
0.0003433
0.000395
0.000594
0.000428
0.000432
0.0004301
0.0004411
0.000422
0.0003292
0.0003414
0.0004873
0.0004344
0.0004341
0.00044
0.0004044
0.0004194
0.000455
0.0003909
0.0003756
0.0005101
0.0007112
0.0007102
0.0005681
0.0006985
0.0003297
0.0006218
0.0004855
0.0003959
0.0004499
0.0003537
0.0004191
0.0003892
0.0004186
0.0002855
0.0003958
0.0003667
0.0003905
0.0003469
0.0003275
0.0003585
0.0004213
0.0004738
0.0004592
0.0004449
0.0004339
0.0005006
0.0004389
0.0005688
0.0005174
0.0004079
0.0005227
0.001121
0.0004674
0.0005001
0.0004888
0.0008982
0.0005597
0.0003904
0.000501
0.0003533
0.0005231
0.0004741
0.0003883
0.0003614
0.000607
0.0003863
0.0003534
0.0003177
0.0003756
0.0004579
0.0004805
0.0005602
0.0009866
0.0005525
0.0004919
0.000523
0.0007663
0.0005556
0.0003823
0.0006477
0.0003121
0.0002965
0.0002835
0.0003489
0.0003601
0.0004206
0.0004555
0.0002962
0.0005101
0.000876
0.0007774
0.0003837
0.0003975
0.0003827
0.000488
0.0003211
0.0003411
0.0004466
0.0005116
0.0004812
0.000491
0.000562
0.0005363
0.0004933
0.0004126
0.00072
0.001299
0.0005385
0.0005898
0.0005582
0.0006983
0.0005094
0.0004865
0.0006086
0.000599
0.0005966
0.0004436
0.0004933
0.0004846
0.0005212
0.0004989
0.0005061
0.0004752
0.0004818
0.0004729
0.0004002
0.0003431
0.0003822
0.0003713
0.0003466
0.000393
0.0003738
0.0003831
0.0004355
0.0004278
0.0004635
0.0003901
0.0004258
0.0006159
0.0003729
0.0004734
0.0004404
0.0004018
0.0005707
0.0005577
0.0004697
0.0004552
0.000443
0.0003994
0.0003762
0.0003669
0.0004358
0.0004318
0.000419
0.0004272
0.0003873
0.0003584
0.0007124
0.0004961
0.0004658
0.0005521
0.0005788
0.0004377
0.0004652
0.0003165
0.0003552
0.0004747
0.0004171
0.0002819
0.0002694
0.0002637
0.0003327
0.0003087
0.0004381
0.0003989
0.0003335
0.0003207
0.0003703
0.0003717
0.0003585
0.0003358
0.000291
0.0004688
0.0003377
0.0003436
0.0003825
0.0004043
0.0003646
0.0003778
0.0003468
0.0004411
0.0004387
0.0003166
0.0004169
0.0004879
0.0003958
0.0003279
0.0004369
0.0003648
0.0004198
0.0004042
0.0006548
0.0003789
0.0004408
0.0004213
0.0005724
0.0004131
0.0004106
0.0003689
0.0006566
0.0005827
0.000423
0.000533
0.0003952
0.0004593
0.000626
0.0004597
0.0004116
0.0003653
0.0003877
0.0003174
0.0003504
0.0003713
0.0003559
0.0003442
0.000355
0.0003529
0.0003937
0.0004179
0.0004363
0.0004137
0.000379
0.0003194
0.000306
0.0003676
0.0004422
0.0004902
0.0004535
0.0003826
0.0004096
0.0003838
0.0003643
0.0004136
0.000581
0.000393
0.0005001
0.0004577
0.0005336
0.0006986
0.0004975
0.0003675
0.0003419
0.0003483
0.000347
0.0004508
0.0004853
0.0003849
0.0003611
0.0003669
0.0003741
0.0003223
0.0008708
0.0003982
0.0004115
0.0003839
0.0004028
0.0003391
0.000414
0.0003413
0.0004869
0.0003711
0.0004491
0.0003814
0.0003823
0.0003556
0.0003384
0.0004042
0.0003116
0.0003101
0.0003659
0.0003186
0.000326
0.0005028
0.0003392
0.0003508
0.0003959
0.0004113
0.0003679
0.0003644
0.0005219
0.000308
0.000356
0.0003456
0.0003485
0.000391
0.0003044
0.0003118
0.0003571
0.0003854
0.0003989
0.0003956
0.000333
0.0004243
0.0004317
0.0003979
0.0003882
0.0004672
0.0003859
0.0004598
0.0003278
0.0004255
0.0004083
0.0004016
0.0003955
0.0005641
0.0004265
0.0003448
0.0003666
0.0003313
0.0003304
0.0003359
0.000371
0.0004328
0.000332
0.0003361
0.0003102
0.0004357
0.0004194
0.000372
0.0003897
0.0003872
0.0003547
0.0003223
0.0003616
0.0003962
0.0003456
0.0004016
0.000421
0.0004779
0.0003945
0.0003759
0.0004077
0.0005217
0.0004386
0.000406
0.0003874
0.0004227
0.0004781
0.000395
0.0004698
0.0003305
0.00041
0.0004947
0.0004763
0.0003559
0.0004734
0.0008239
0.0003225
0.0003594
0.000396
0.0004358
0.0004247
0.0003782
0.0004418
0.0006913
0.0002964
0.0002942
0.0002998
0.0002954
0.0003031
0.0004846
0.0004474
0.0005886
0.0004813
0.000626
0.0004813
0.0006034
0.0004666
0.0004327
0.00056
0.0003439
0.0004305
0.0005895
0.0004188
0.00079
0.0005601
0.0006026
0.0004683
0.0004592
0.0005202
0.0004963
0.000434
0.0004644
0.0003863
0.0004038
0.0004504
0.0003225
0.0005288
0.0003991
0.0005709
0.0006359
0.0004597
0.0004506
0.0003764
0.0003742
0.0003304
0.0004002
0.000429
0.0004494
0.0005513
0.0005009
0.0004287
0.000491
0.0004759
0.0005237
0.0005256
0.0005034
0.0005073
0.0004763
0.0004602
0.000524
0.0004023
0.0003486
0.0003134
0.0003213
0.000415
0.0004361
0.0003877
0.0004124
0.0003719
0.0003117
0.0003924
0.0002937
0.000327
0.0006589
0.0003791
0.0004234
0.0004105
0.0003912
0.0004327
0.0004696
0.0004413
0.0004781
0.0004499
0.0004771
0.0004103
0.0004105
0.0003546
0.0004353
0.000456
0.0004426
0.0006336
0.0005123
0.0004957
0.0004516
0.0004662
0.0004148
0.0005352
0.0005515
0.0004954
0.0006696
0.0004014
0.0005716
0.0003112
0.0003324
0.0004175
0.0004023
0.0004007
0.0004466
0.0004364
0.0003848
0.000313
0.0003156
0.0003895
0.0004866
0.0004394
0.0005166
0.0003608
0.000487
0.0003526
0.0005704
0.0004539
0.0004987
0.000365
0.0004363
0.0003487
0.0003664
0.0003355
0.0005939
0.0005778
0.0005389
0.0005406
0.000534
0.0004752
0.0004671
0.0004931
0.0004241
0.0003367
0.0003619
0.0003214
0.0003927
0.0003805
0.0004824
0.000373
0.0004139
0.000397
0.0004439
0.0004202
0.0004225
0.0003798
0.0005113
0.0003454
0.000296
0.0004163
0.0004301
0.0004294
0.0003941
0.0005004
0.0005382
0.000467
0.000528
0.0005117
0.0005114
0.0004398
0.0005552
0.0003548
0.00047
0.0005614
0.0005563
0.0005235
0.0004933
0.0005686
0.000556
0.000699
0.0003776
0.0004132
0.0004829
0.0003648
0.0005306
0.0004658
0.0004524
0.0004694
0.000539
0.0008626
0.0005302
0.0006821
0.0004086
0.0004194
0.0006202
0.00056
0.0007393
0.00074
0.0006667
0.0007378
0.0008183
0.0006769
0.0005931
0.0005926
0.0006313
0.0005006
0.0004588
0.0004535
0.0004025
0.0004238
0.0004564
0.0004699
0.0005266
0.0004424
0.0004585
0.0004129
0.0004863
0.0003888
0.0003793
0.0004351
0.0003867
0.0003461
0.0003339
0.0003491
0.0003528
0.0003435
0.000277
0.0002882
0.0002959
0.0002748
0.0002806
0.0003083
0.0002704
0.0002821
0.0003153
0.0003112
0.0003157
0.0002691
0.000296
0.0003065
0.0002795
0.0002915
0.0003447
0.0003395
0.0003963
0.0003467
0.0003564
0.0003613
0.0004029
0.0003014
0.000273
0.0003302
0.0002465
0.0002926
0.0003446
0.000328
0.0003162
0.0002872
0.0003405
0.0004037
0.0003478
0.0003327
0.0003384
0.000319
0.0003278
0.0003158
0.0003462
0.0003513
0.0003496
0.0003614
0.0003663
0.0003203
0.0002885
0.00034
0.0003515
0.0002367
0.0002656
0.0002858
0.0002776
0.0003685
0.0005097
0.0003168
0.0003606
0.0002784
0.0003464
0.0003183
0.0003659
0.000429
0.0004003
0.0005249
0.0003747
0.0003956
0.0003388
0.0003846
0.0003769
0.0003691
0.0003829
0.0003951
0.0003663
0.0004324
0.0003506
0.0003501
0.0003079
0.000338
0.0003082
0.0002418
0.0002197
0.0002202
0.0002349
0.0002472
0.0002683
0.0002848
0.0003019
0.0003525
0.0002022
0.0002615
0.0002571
0.0002197
0.0002623
0.0002374
0.0002576
0.0002257
0.0003107
0.0002514
0.0003728
0.0002226
0.0002092
0.0003092
0.0003156
0.0003374
0.0003318
0.0002569
0.0002036
0.0002736
0.0002458
0.0003993
0.0002574
0.0002721
0.0004507
0.0003199
0.0002951
0.000295
0.0002974
0.0003002
0.0003857
0.0002978
0.0003456
0.0003267
0.0002965
0.0002845
0.0002757
0.0002704
0.0003278
0.0003433
0.0002821
0.0002829
0.0002812
0.0002452
0.0002394
0.0005366
0.0002528
0.0002558
0.0002702
0.0002908
0.0002946
0.0002993
0.0003292
0.0002588
0.0002765
0.0002282
0.0002357
0.0002774
0.000273
0.0002546
0.0003943
0.000306
0.0003265
0.0003171
0.0003479
0.0003824
0.0004442
0.0004477
0.0005111
0.0004983
0.0005949
0.0005829
0.0005474
0.0005603
0.0005327
0.0005208
0.0005148
0.000501
0.0004586
0.0005126
0.0004787
0.0005668
0.000452
0.0004133
0.0004911
0.0004789
0.0005094
0.0005945
0.0005171
0.0004438
0.0004473
0.0004275
0.000452
0.0004109
0.0008658
0.0004178
0.0003938
0.0004168
0.0003883
0.0005411
0.0003996
0.0003896
0.000379
0.0003871
0.0004987
0.0003331
0.0003796
0.0003311
0.0003541
0.0005012
0.0003213
0.0003222
0.0003548
0.0003054
0.0003063
0.0002877
0.0002711
0.0003753
0.0002774
0.000313
0.0002637
0.0003537
0.0003709
0.0005321
0.0003675
0.0003032
0.0003239
0.0003376
0.0004
0.0003374
0.0002838
0.0002729
0.0004873
0.0003813
0.0004657
0.0003966
0.0003741
0.0003543
0.0003161
0.0003878
0.0005362
0.000666
0.0002864
0.0006841
0.000491
0.0003239
0.0003503
0.0003741
0.0003813
0.0003987
0.0003231
0.0003366
0.0005396
0.0003187
0.0005174
0.0003199
0.0003754
0.000494
0.0003727
0.0003584
0.00047
0.0003246
0.0003279
0.0004258
0.0003738
0.0003142
0.0003133
0.000339
0.0003682
0.0003192
0.000488
0.0004296
0.0002982
0.0005173
0.0005971
0.0003049
0.0008617
0.0005305
0.000842
0.00046
0.0005473
0.0005371
0.0004633
0.000605
0.0005155
0.0004486
0.0004136
0.000622
0.0003203
0.0006394
0.000303
0.0002548
0.0002393
0.0002659
0.000292
0.0002844
0.0002691
0.0003013
0.0003335
0.0005195
0.0004485
0.0003812
0.0005276
0.0003558
0.0003804
0.0003353
0.0003474
0.0003489
0.000449
0.0003138
0.0002827
0.0004661
0.0003798
0.0005096
0.000635
0.0003191
0.0004121
0.0004259
0.0002967
0.0004455
0.0003676
0.0002867
0.0004982
0.0003518
0.0003905
0.0004299
0.0002906
0.0005301
0.0003823
0.0007569
0.0005477
0.0004402
0.0003768
0.0003949
0.0004081
0.0002753
0.0003694
0.0002666
0.0003198
0.0005707
0.0008183
0.0006376
0.0004028
0.0005205
0.0005042
0.0004002
0.0003776
0.0006031
0.0003523
0.000355
0.0004243
0.0004116
0.0005314
0.0005563
0.0005178
0.000499
0.0004661
0.0003481
0.0005002
0.0003307
0.0003202
0.000542
0.0005245
0.0005029
0.0004289
0.0004093
0.000402
0.0005088
0.0005715
0.0003477
0.0003141
0.0002534
0.0003277
0.0003794
0.000404
0.0006332
0.0003995
0.0005236
0.0005707
0.0005816
0.0005074
0.0003841
0.0004629
0.0004767
0.0003445
0.0006203
0.0003584
0.000375
0.0003827
0.0004067
0.0003162
0.0003843
0.0005193
0.0004315
0.0003822
0.0003339
0.000306
0.000335
0.0002695
0.0003679
0.0002541
0.0002483
0.0003813
0.0002739
0.0002935
0.0002973
0.0002872
0.0002666
0.0002477
0.0002673
0.0003157
0.0002536
0.0003174
0.000288
0.0003056
0.0003085
0.0002897
0.0003718
0.0002755
0.0002334
0.000268
0.0002849
0.0002632
0.0002742
0.0002548
0.0002125
0.0002663
0.0002729
0.000277
0.0002936
0.0003543
0.000275
0.000297
0.0002512
0.0002745
0.0002535
0.0003119
0.0003427
0.0003195
0.0002687
0.0002381
0.0002422
0.0002267
0.0002999
0.0002698
0.0002902
0.0002329
0.0003525
0.0002632
0.0003055
0.0002896
0.0003143
0.000514
0.0003052
0.0004126
0.0003292
0.0004248
0.0002811
0.0002944
0.0002476
0.0002292
0.0002641
0.0002421
0.000231
0.0003303
0.0003317
0.0003372
0.0004102
0.0003514
0.0003997
0.0003703
0.0003631
0.0003549
0.0004499
0.0004042
0.0002967
0.0003549
0.0002771
0.0003205
0.0003074
0.0002984
0.0003991
0.0003245
0.0003173
0.0002261
0.0002962
0.000309
0.0003511
0.0003107
0.0003635
0.0002652
0.0003682
0.0002388
0.0003501
0.000334
0.000338
0.0002674
0.0002408
0.0003109
0.0004012
0.0003344
0.0003045
0.0007057
0.0004896
0.0002969
0.0002778
0.0003891
0.0003369
0.0004267
0.0004011
0.0003067
0.0003635
0.0003819
0.0007872
0.0004212
0.0005988
0.0006083
0.0005412
0.0006453
0.0004616
0.0006225
0.0003722
0.0003091
0.0003172
0.0004028
0.0003803
0.000641
0.0003457
0.0004034
0.000406
0.0003663
0.0004312
0.0004889
0.000383
0.0004859
0.0004238
0.0003281
0.000368
0.0004109
0.0005589
0.0003285
0.0003849
0.0002889
0.0002775
0.0002741
0.000411
0.0003481
0.0002609
0.000256
0.0003097
0.0002843
0.0003102
0.0003216
0.0003504
0.0003203
0.0002742
0.0003072
0.0003136
0.0003616
0.0004536
0.000497
0.0005033
0.0004565
0.0004117
0.0006
0.0004261
0.0004437
0.0003366
0.000538
0.0003853
0.0004603
0.0006971
0.001298
0.0004549
0.000461
0.0003553
0.000673
0.0003918
0.0004118
0.0004094
0.0005316
0.0003716
0.0003913
0.0004376
0.000515
0.0006725
0.0008028
0.0004942
0.000392
0.0004307
0.0003804
0.0004375
0.000336
0.0004247
0.0003239
0.0003394
0.0004476
0.0004287
0.0003937
0.0004667
0.0003675
0.0004408
0.0003705
0.0004459
0.0004396
0.0003712
0.0004029
0.0003909
0.0004786
0.0004494
0.0004623
0.0004924
0.0004469
0.0004935
0.0004937
0.0003466
0.0003671
0.0004525
0.0003389
0.0003792
0.000403
0.0005557
0.0006045
0.0004378
0.0004189
0.0004709
0.0004918
0.0005091
0.0006801
0.0004505
0.0004124
0.0006962
0.0004429
0.0003691
0.0003715
0.0003402
0.0003784
0.0004812
0.0007833
0.0003277
0.0003461
0.0004904
0.0003371
0.0004032
0.0004572
0.0003113
0.0003054
0.0006181
0.000392
0.0005605
0.0003643
0.0005558
0.0004157
0.0003193
0.0003192
0.00056
0.0003567
0.000392
0.0004016
0.0006011
0.0004447
0.0003282
0.0003414
0.0004451
0.0006198
0.0004631
0.0003348
0.000307
0.0003367
0.0003817
0.0003574
0.0004158
0.0006343
0.0004044
0.0003207
0.0004567
0.0003276
0.0005161
0.000363
0.0004889
0.0003485
0.0003448
0.0004106
0.0003431
0.0003396
0.0004437
0.0004768
0.0003479
0.0004617
0.0003818
0.0004949
0.0004558
0.0004418
0.0004513
0.0004285
0.0004268
0.0004716
0.0004546
0.0004055
0.0003712
0.0003909
0.0005187
0.0003502
0.0003991
0.0004111
0.0005433
0.0005044
0.0004017
0.0003421
0.0004031
0.0003827
0.0004252
0.0004237
0.0006428
0.0004911
0.0004744
0.0006445
0.0004915
0.0004833
0.0004502
0.0004032
0.0004036
0.0004261
0.0004106
0.0003583
0.0003147
0.0003407
0.0003261
0.0003171
0.0008352
0.0004467
0.0005079
0.0004592
0.0003629
0.0002923
0.0006275
0.0003937
0.0003702
0.0004252
0.0003546
0.000241
0.0002993
0.0003078
0.0003556
0.0003247
0.00028
0.0003229
0.0002677
0.0002651
0.0003
0.0004386
0.0003041
0.0004555
0.0004514
0.0004039
0.0003172
0.0003618
0.000451
0.0003032
0.0003369
0.0004521
0.0002679
0.000386
0.0004067
0.0003674
0.0003887
0.0005235
0.0004543
0.0005131
0.0009267
0.0006724
0.0005429
0.0005274
0.0005176
0.0004271
0.0004924
0.000503
0.0005466
0.0004639
0.0005246
0.0004763
0.0006209
0.0006137
0.0007237
0.0005227
0.0003967
0.0004241
0.0004053
0.0004133
0.0003872
0.0003317
0.0003315
0.0003471
0.0003318
0.000328
0.0003187
0.0003064
0.0003306
0.0003635
0.0003812
0.0003315
0.0003916
0.0003858
0.0003855
0.0004187
0.0003952
0.0003882
0.0003528
0.000481
0.0003912
0.0005376
0.0003899
0.000571
0.0003966
0.0004528
0.000354
0.0003518
0.0003314
0.0003109
0.0003876
0.0004263
0.0003108
0.0003886
0.0004018
0.0003621
0.0003856
0.0003269
0.0003297
0.0003744
0.0005108
0.0003754
0.0004859
0.0003993
0.0004337
0.000435
0.0004186
0.0004162
0.0004259
0.0004262
0.0004563
0.0004338
0.0003569
0.0004893
0.0004755
0.0006435
0.0005992
0.0004916
0.0005486
0.0004965
0.000534
0.0004553
0.0004085
0.0004943
0.000369
0.0006491
0.0005427
0.0009674
0.0006485
0.0003356
0.0004292
0.0003201
0.0004779
0.0003566
0.0004757
0.0004018
0.0003775
0.0004001
0.0003824
0.0003822
0.0004359
0.0005762
0.0007159
0.0004503
0.0006945
0.0005324
0.0003914
0.0005626
0.0004555
0.0004833
0.0004156
0.0004625
0.0005591
0.0004424
0.0004564
0.0004166
0.0004098
0.000419
0.0004384
0.0004772
0.0004903
0.0004728
0.0005461
0.0005082
0.0005143
0.000416
0.0004809
0.000505
0.0005126
0.0004246
0.0003823
0.0004926
0.0003754
0.0005289
0.0004064
0.0004012
0.0004464
0.0004524
0.0004699
0.000358
0.0003928
0.0004474
0.0004431
0.0003637
0.0004944
0.0003928
0.0003965
0.00055
0.0003777
0.0003831
0.0004004
0.0006495
0.000354
0.0005605
0.0003705
0.0003466
0.0003038
0.0003407
0.0002965
0.0003585
0.0003508
0.0004557
0.0003115
0.0004704
0.0003727
0.0004442
0.0003089
0.0003124
0.0003825
0.0004674
0.0003683
0.0003189
0.0003846
0.0004279
0.0005172
0.0004512
0.0004595
0.0004722
0.000436
0.0005136
0.0005481
0.0003769
0.0004002
0.0003782
0.0007516
0.0005529
0.0005062
0.0005055
0.0003814
0.0004669
0.0004471
0.000449
0.0004326
0.0003726
0.0004652
0.0005927
0.0004305
0.0004101
0.0003652
0.0003172
0.0003439
0.0003833
0.0004341
0.0003199
0.0004058
0.0003329
0.0003569
0.0003429
0.0004513
0.0005074
0.0004657
0.0004386
0.0004836
0.0003988
0.0004302
0.0004148
0.0003245
0.0003836
0.0004492
0.000433
0.0004532
0.0005415
0.0006609
0.0004841
0.0004433
0.0005014
0.000501
0.0005893
0.0003676
0.0003141
0.0004283
0.0005149
0.0003626
0.0004184
0.0003536
0.0004293
0.0004336
0.0004228
0.0004242
0.0003845
0.0004475
0.0003595
0.0004512
0.0003585
0.0004287
0.0003982
0.0004258
0.0003579
0.0004035
0.0005278
0.000441
0.0005049
0.0003826
0.0004744
0.0003562
0.0005042
0.0004413
0.0004926
0.0006541
0.0003877
0.0003656
0.0005011
0.0004642
0.0005114
0.0004639
0.0004383
0.0005224
0.000539
0.0003741
0.0004583
0.0003913
0.0005638
0.0005681
0.0005686
0.0004762
0.0003848
0.0004734
0.0003819
0.0002403
0.0003306
0.0003091
0.0004409
0.0004504
0.0004589
0.0003756
0.0005069
0.0003125
0.0003557
0.0004103
0.0003677
0.0004791
0.0004601
0.0004795
0.0004924
0.0005133
0.0005286
0.0004409
0.0004547
0.000435
0.0004572
0.0004392
0.0004728
0.0003718
0.0004752
0.0005363
0.0005157
0.0003938
0.0003046
0.0003734
0.0003627
0.0003101
0.0002974
0.0003745
0.0002855
0.0003145
0.0005133
0.0004122
0.0003163
0.000421
0.0003988
0.0002832
0.0003121
0.0002828
0.0002867
0.0003444
0.0003717
0.0003937
0.0008306
0.00042
0.0003814
0.0003899
0.0004778
0.0003728
0.0005027
0.000328
0.000346
0.0003319
0.0007106
0.0006341
0.0005855
0.0004899
0.0003611
0.0004239
0.0004639
0.0003426
0.0003741
0.0003032
0.0003476
0.0004461
0.000411
0.0002302
0.0002578
0.0002917
0.0003585
0.0003064
0.000353
0.0002971
0.0003332
0.0003875
0.0004477
0.0003994
0.0005073
0.0003317
0.0004569
0.000633
0.0004428
0.0004351
0.0004357
0.0003461
0.0004134
0.000533
0.0006171
0.0004333
0.0004244
0.0004212
0.0004589
0.0004565
0.0004054
0.0003959
0.0005393
0.0004896
0.00058
0.0006138
0.0003903
0.0004736
0.000573
0.0004411
0.0004322
0.0006253
0.0005198
0.0005436
0.0004818
0.0005096
0.0007746
0.0006565
0.0005537
0.0004165
0.0003555
0.0004103
0.0005941
0.0004199
0.0004275
0.0004478
0.0003228
0.000424
0.0003994
0.0003939
0.0007027
0.00034
0.0007635
0.000398
0.000353
0.0004414
0.0007066
0.0004736
0.0005461
0.0004944
0.0004279
0.0004358
0.0003356
0.0004457
0.000346
0.0004149
0.0004982
0.0004641
0.0005824
0.0003217
0.0003158
0.0003368
0.0003054
0.0004221
0.000372
0.0003362
0.000357
0.0004395
0.0003539
0.0003548
0.0003381
0.0003285
0.0002935
0.0002771
0.0002643
0.0003241
0.0002608
0.0004157
0.0003455
0.0003653
0.0003774
0.0003051
0.0004249
0.0003444
0.0003209
0.0002979
0.0005171
0.0003374
0.0003123
0.000373
0.0003673
0.0003407
0.0004004
0.0004613
0.0006032
0.0004807
0.0004105
0.0004744
0.0003981
0.0006568
0.0003727
0.0004233
0.0003336
0.0004779
0.0002848
0.0004082
0.0003057
0.0003374
0.0003869
0.0002883
0.0003468
0.0003268
0.0003153
0.0003299
0.0003729
0.0003512
0.00035
0.0003701
0.0004469
0.0004263
0.0003056
0.0003626
0.0003269
0.0003493
0.0002811
0.0002711
0.0003879
0.00033
0.0003819
0.0003617
0.0003874
0.0005704
0.0004734
0.0003424
0.0004077
0.0003956
0.0004038
0.0005382
0.0004553
0.0004549
0.0003543
0.0003218
0.0004873
0.0003058
0.0004998
0.0005313
0.0005808
0.0003949
0.0003854
0.0006017
0.0004033
0.0003623
0.0003793
0.0004394
0.0004499
0.0003786
0.0003228
0.0003497
0.0004638
0.0003621
0.0003061
0.0004461
0.0002744
0.0004299
0.0003581
0.0003933
0.0002639
0.0003274
0.0003317
0.0002742
0.0002918
0.0002571
0.0003299
0.0002921
0.0003161
0.0003029
0.0003177
0.0003767
0.0003548
0.0004156
0.0006256
0.0004822
0.0004773
0.0004486
0.0005428
0.0004378
0.000372
0.0003416
0.0003667
0.0002564
0.00035
0.0003978
0.0003958
0.0003978
0.0003574
0.0003921
0.0004021
0.0003703
0.0004061
0.0004692
0.0003934
0.0005612
0.0003861
0.0004089
0.0005194
0.0004439
0.0004417
0.0004764
0.0004738
0.0003211
0.0005095
0.0002848
0.0003493
0.0003297
0.0003505
0.0004556
0.0004449
0.0004985
0.0005128
0.0004685
0.0004831
0.0005071
0.0005588
0.0005856
0.0006147
0.0004513
0.0005298
0.0004187
0.0005136
0.0005141
0.0005227
0.0004892
0.0003604
0.0007165
0.0005622
0.000415
0.0003816
0.0004192
0.0004666
0.000436
0.0006999
0.0006014
0.0003969
0.0004141
0.0004493
0.000515
0.0004756
0.0005743
0.0006126
0.0004177
0.0004186
0.0004158
0.0003528
0.0003383
0.0004194
0.0004564
0.0004905
0.0005676
0.0004437
0.0004791
0.0004447
0.0004591
0.0004414
0.0004118
0.0004023
0.0004261
0.0004382
0.000594
0.0005087
0.0004503
0.0005675
0.0003457
0.0008448
0.000481
0.0004104
0.0004558
0.000502
0.0003588
0.0004405
0.0004694
0.0005052
0.000489
0.0005309
0.00107
0.0005044
0.0006239
0.0005423
0.0005273
0.0005107
0.0005527
0.0004702
0.0007206
0.0005066
0.0004746
0.0004947
0.0005974
0.0004977
0.000528
0.0004949
0.0005202
0.0004548
0.0005867
0.0006217
0.0004601
0.0004336
0.0003611
0.0004366
0.00048
0.000437
0.000426
0.000449
0.00065
0.0004424
0.0004403
0.0004367
0.0005459
0.0003873
0.0005207
0.0004317
0.0005009
0.0003944
0.0004229
0.0003331
0.000432
0.0004902
0.0004596
0.000443
0.0004713
0.0004134
0.0003576
0.0004948
0.0004478
0.0004899
0.0003726
0.0003515
0.0005061
0.0003726
0.0003266
0.001062
0.0004344
0.0003425
0.0003488
0.0004695
0.0005221
0.0003691
0.0004598
0.0004897
0.0005615
0.0005938
0.0005425
0.0006462
0.0006857
0.000862
0.0006727
0.0006968
0.0007652
0.000711
0.0006593
0.0006884
0.000612
0.0006321
0.0006512
0.0006306
0.0006187
0.0005876
0.0005941
0.0005843
0.0005844
0.0005839
0.0005018
0.0004765
0.0006012
0.0003749
0.0003447
0.000369
0.0003712
0.0002901
0.0004334
0.000332
0.0003951
0.0003894
0.0004245
0.0003605
0.0004086
0.0004099
0.0004084
0.0004169
0.0004017
0.0003565
0.0003523
0.0003868
0.0004644
0.0003989
0.0004665
0.0004544
0.0003004
0.0004498
0.0004432
0.0003304
0.0009051
0.000486
0.0004069
0.0003693
0.000371
0.0003881
0.0003908
0.0003886
0.0004238
0.0003598
0.0004615
0.0005149
0.0005495
0.0005036
0.0005306
0.0004693
0.000474
0.0004309
0.0004162
0.0005512
0.0005726
0.0005508
0.0005311
0.0004909
0.0004046
0.0004256
0.0004537
0.0004454
0.0004508
0.0005659
0.000451
0.0004645
0.0006177
0.000345
0.0004548
0.0004444
0.0006399
0.0004964
0.0004511
0.0004279
0.0004807
0.0007069
0.0005509
0.000642
0.0004957
0.0005381
0.0005216
0.0005156
0.0006288
0.0004728
0.0003902
0.0003684
0.0003599
0.0003332
0.0003438
0.0004483
0.0003118
0.0003314
0.0004281
0.0003438
0.0003574
0.0003537
0.0002832
0.0004134
0.0002978
0.0003068
0.0003195
0.0003355
0.000348
0.0003416
0.0002986
0.0003841
0.0002551
0.0002218
0.0002387
0.00027
0.0002761
0.0002932
0.0003349
0.0002815
0.0003791
0.0003207
0.0003187
0.0003167
0.000447
0.0003581
0.0003545
0.0004129
0.0004707
0.0005022
0.0003042
0.0005388
0.0004385
0.000351
0.0004199
0.0003424
0.0004479
0.0003478
0.0003989
0.0003372
0.0005073
0.0002988
0.0003324
0.0003301
0.0003459
0.0003578
0.0003785
0.0003027
0.0003437
0.0003173
0.0003529
0.0004415
0.0003501
0.0004194
0.0004578
0.0004511
0.0003957
0.000475
0.0004567
0.0004681
0.0004436
0.0004481
0.0002952
0.0002439
0.0003937
0.0003324
0.000381
0.000457
0.00047
0.0005705
0.0004779
0.0005716
0.0004162
0.0004376
0.0005292
0.0004961
0.0004732
0.0004261
0.0003813
0.0004322
0.0004309
0.0004728
0.0006908
0.0006186
0.0005392
0.0006093
0.0004661
0.0004288
0.0003616
0.0003495
0.000355
0.0003761
0.0003564
0.00038
0.000384
0.0003546
0.0003761
0.0004336
0.0003413
0.0004299
0.0003836
0.0004663
0.0003899
0.0004256
0.0003349
0.0004888
0.000294
0.0002818
0.0002713
0.000242
0.0003509
0.0003905
0.0003058
0.0003752
0.0003537
0.0003454
0.0002872
0.0003735
0.0003378
0.0003293
0.0003281
0.0003147
0.0002582
0.0003029
0.0004868
0.0004818
0.0003986
0.0003623
0.0002984
0.0004585
0.0003953
0.000336
0.0004388
0.0003999
0.000483
0.0005148
0.0003404
0.0005033
0.000432
0.0004316
0.000416
0.0006164
0.0004319
0.0004133
0.0003251
0.0003348
0.0004455
0.0003449
0.0003396
0.000441
0.0003644
0.0003272
0.0005128
0.0006127
0.0006212
0.0004611
0.0004961
0.0003954
0.0004844
0.0003011
0.0004593
0.0004566
0.0002888
0.0003248
0.0003946
0.000431
0.0006057
0.0005417
0.0005396
0.0004525
0.0004758
0.000586
0.0003226
0.0002785
0.000324
0.0007298
0.0004434
0.0005739
0.0005811
0.0003837
0.0003272
0.0004604
0.000337
0.0003247
0.0003445
0.0003664
0.0004112
0.0004182
0.0003889
0.000402
0.0005025
0.0003538
0.0004202
0.0004504
0.0003581
0.0004146
0.0003341
0.0003242
0.0006233
0.0003872
0.000495
0.0004412
0.0006812
0.0005523
0.0005638
0.0005571
0.0003644
0.0003716
0.0003482
0.0003599
0.0004174
0.0003498
0.0004648
0.0004248
0.0003118
0.0003768
0.0003953
0.000458
0.000396
0.0004695
0.0004406
0.0003489
0.0004002
0.0003792
0.0003171
0.0004084
0.0004452
0.0003222
0.000353
0.000365
0.0003037
0.0003055
0.0003012
0.0004428
0.0003158
0.0003618
0.0003722
0.0003686
0.0002872
0.0003382
0.0003584
0.0003977
0.0002632
0.0003391
0.0002783
0.0003024
0.0004004
0.0003675
0.0005275
0.0003544
0.0003189
0.0003514
0.0003248
0.0003664
0.000313
0.0002755
0.0003242
0.0003115
0.0002482
0.000252
0.000255
0.0002889
0.0002923
0.0004166
0.0002005
0.0002806
0.0002762
0.000311
0.0003222
0.0003225
0.000298
0.0003208
0.0002706
0.000362
0.0003616
0.0003877
0.0003681
0.0004802
0.0003456
0.0004044
0.0003431
0.0004067
0.0003544
0.0003225
0.0002954
0.0003472
0.0005423
0.0003275
0.0003297
0.0005467
0.0003533
0.0003811
0.0004028
0.0004243
0.0003317
0.0002717
0.0004424
0.0003688
0.0003926
0.0005196
0.000439
0.000357
0.0004421
0.0003198
0.0003571
0.0003717
0.0005005
0.0002796
0.0002831
0.0003615
0.0003061
0.0003575
0.0002566
0.0002944
0.000372
0.0003035
0.0002669
0.0003202
0.0003948
0.0003588
0.0003222
0.0002632
0.0003821
0.000404
0.0004059
0.0005004
0.0003912
0.0004064
0.0003668
0.0003393
0.000304
0.0003287
0.0002825
0.0003392
0.0002674
0.000337
0.00036
0.0002498
0.0003556
0.0003589
0.0002937
0.0002758
0.0002365
0.0001974
0.0004418
0.000357
0.0002177
0.0003845
0.0002686
0.0002638
0.0003229
0.0003586
0.0003771
0.0003501
0.0003703
0.000499
0.000456
0.0004081
0.0005342
0.0003701
0.0003402
0.0003723
0.0002763
0.0003453
0.0003643
0.0004569
0.0004221
0.0004135
0.0003285
0.0004023
0.0003544
0.000487
0.0004712
0.0003612
0.0002938
0.000305
0.0002955
0.0003843
0.0003465
0.0003441
0.0002722
0.0002935
0.0002841
0.0003378
0.0004633
0.0002827
0.0004829
0.0005244
0.0003233
0.000392
0.0004937
0.0002618
0.0003303
0.0003844
0.0002962
0.0003363
0.0002115
0.0002288
0.000372
0.0002271
0.0003099
0.0003167
0.0003127
0.0003053
0.0004123
0.0003892
0.0003951
0.0003873
0.0004705
0.0003257
0.0003433
0.0003185
0.0003445
0.0002991
0.000302
0.0003217
0.0004401
0.0002957
0.0003958
0.0006123
0.0003878
0.0004206
0.0004151
0.0005875
0.0004076
0.0004671
0.0004266
0.0004314
0.0006207
0.0004894
0.0004095
0.0003839
0.0004615
0.0005181
0.0003731
0.0004361
0.0004073
0.0005247
0.0004721
0.0004387
0.0004343
0.0004312
0.0004129
0.0004616
0.0004247
0.0003714
0.0002906
0.0004293
0.0006821
0.000366
0.0004383
0.0004035
0.0004396
0.0005478
0.0005515
0.0004893
0.0003934
0.0003845
0.000507
0.0004409
0.0004223
0.0003942
0.0003893
0.0003761
0.0003966
0.0003548
0.0003333
0.0003256
0.0003565
0.0003742
0.0003225
0.0003872
0.0003814
0.0003515
0.0003907
0.0003288
0.0003255
0.0003257
0.0004439
0.0003727
0.0003906
0.0003449
0.000304
0.0003099
0.0003015
0.0002884
0.0003066
0.000309
0.000326
0.0003411
0.0003838
0.0003109
0.0002966
0.0002414
0.0003003
0.0003153
0.0002259
0.0002276
0.0002813
0.0003012
0.000387
0.0003269
0.0002444
0.0004107
0.0004468
0.0003829
0.0003974
0.0004454
0.0003637
0.0005069
0.0005778
0.0003947
0.0003896
0.0006706
0.0006884
0.0004164
0.0003674
0.0004284
0.0004197
0.0004004
0.0004603
0.0005446
0.0004787
0.000561
0.0004165
0.0004257
0.0003763
0.0003836
0.0004203
0.0005382
0.0004418
0.0004124
0.0004127
0.000408
0.0003902
0.0004621
0.0005956
0.000455
0.0004859
0.0004637
0.0004518
0.0003513
0.0004517
0.0005211
0.0006179
0.0005422
0.0005798
0.0005698
0.0007907
0.0005367
0.0005634
0.000408
0.0007615
0.000455
0.0005055
0.0004135
0.0003929
0.000397
0.000446
0.0004579
0.0004939
0.0006228
0.0005065
0.0004521
0.0005146
0.000458
0.0004915
0.0004892
0.00048
0.0004575
0.0005393
0.0005122
0.0004514
0.0004808
0.0004951
0.0004629
0.0004566
0.0004719
0.0004973
0.0005998
0.0005421
0.000555
0.0004388
0.000445
0.0003996
0.0004004
0.0004166
0.0003941
0.0004273
0.0004684
0.0004509
0.0004277
0.0004944
0.0003816
0.0002805
0.0003148
0.0005762
0.0003751
0.0003349
0.0002646
0.0003493
0.0004419
0.0003974
0.0002987
0.0002751
0.0002604
0.0002825
0.0002607
0.0002578
0.0002287
0.0002459
0.0002703
0.0002489
0.0003195
0.0003347
0.0003714
0.0003626
0.0003167
0.0002976
0.0002665
0.0003209
0.0002781
0.0004501
0.0003031
0.0004101
0.0004293
0.0003762
0.0004926
0.0004821
0.0003906
0.0004093
0.0004183
0.0003901
0.0004793
0.000471
0.0005539
0.0004536
0.0003879
0.000369
0.0003173
0.0003215
0.000303
0.0002827
0.0005104
0.0003421
0.0003188
0.0004133
0.0003791
0.0003477
0.0004397
0.0003069
0.000306
0.0002519
0.0002716
0.0003322
0.0002789
0.0002933
0.0003061
0.0003203
0.0003238
0.0003227
0.0003252
0.0003145
0.0003369
0.0002949
0.0003017
0.0002987
0.0002694
0.0003042
0.0002727
0.0002226
0.0002234
0.000242
0.0003235
0.0002879
0.0002159
0.0002641
0.0002398
0.0002451
0.0002238
0.0003026
0.0002293
0.0002186
0.0002573
0.0002975
0.0002922
0.0003216
0.0003018
0.0002317
0.0003446
0.0002806
0.0003116
0.0002954
0.0003269
0.0002071
0.0003085
0.0003648
0.000322
0.0004982
0.0002878
0.0003395
0.0003827
0.0002786
0.0002887
0.0003149
0.0002652
0.0002554
0.0002465
0.0003486
0.0002489
0.0002774
0.0002757
0.000283
0.0002566
0.0002837
0.0002545
0.0002461
0.0003064
0.0002688
0.0002655
0.0003706
0.0004823
0.0003355
0.0003118
0.0002841
0.0002547
0.0002656
0.0002689
0.0003254
0.0003019
0.0002964
0.0002714
0.0003512
0.0002253
0.0003196
0.0003339
0.0002774
0.0002709
0.000331
0.0003202
0.0002961
0.0003856
0.0003591
0.0003461
0.0004049
0.0003689
0.0003137
0.0003036
0.0003355
0.0002933
0.0002723
0.0003823
0.0003184
0.0004203
0.0003715
0.000514
0.000439
0.0004932
0.0004175
0.000348
0.0004168
0.0006411
0.0003382
0.0003998
0.0003513
0.0004586
0.0003589
0.0005025
0.0003249
0.0003487
0.0003608
0.0004355
0.0003592
0.0003338
0.0003387
0.0003179
0.0002801
0.0002019
0.0002936
0.0002201
0.0003253
0.0002568
0.0002566
0.0002486
0.0002497
0.0002749
0.0003016
0.0003684
0.0003209
0.0002762
0.0002907
0.0002969
0.0002865
0.000327
0.0003532
0.0003438
0.0003303
0.0003646
0.0003352
0.000302
0.0002993
0.0003317
0.0002963
0.0002789
0.0003686
0.000313
0.000346
0.0004248
0.0003493
0.0003214
0.0003387
0.0003565
0.000349
0.0003329
0.0003211
0.0002979
0.0003236
0.0003386
0.0003928
0.0004141
0.0005421
0.0004089
0.0003957
0.0004052
0.0002617
0.0003805
0.000415
0.0003207
0.0002743
0.000256
0.0003231
0.0003024
0.0003195
0.000387
0.0002933
0.0003159
0.0003408
0.0003072
0.0003347
0.0003028
0.0002682
0.0003038
0.0003133
0.0002719
0.000288
0.0004374
0.0002924
0.0002651
0.0002967
0.0003198
0.0002545
0.0003168
0.0002605
0.0002194
0.0002459
0.0002585
0.0004742
0.0002218
0.0002441
0.0003789
0.000295
0.0002719
0.0002572
0.000277
0.0002599
0.0002585
0.0002736
0.0002745
0.000261
0.0003022
0.000402
0.0003108
0.0002676
0.0004586
0.0003314
0.0003057
0.0002432
0.0003487
0.0002513
0.0003644
0.0002883
0.0002677
0.0003021
0.0003202
0.0003436
0.0003996
0.0002908
0.0003892
0.0002544
0.0003221
0.0002526
0.0002054
0.0002537
0.0002371
0.0002537
0.0002511
0.0002371
0.0002909
0.0002955
0.0002302
0.0001891
0.0002545
0.0002735
0.0002299
0.000216
0.0002298
0.000285
0.0003132
0.0003408
0.0002623
0.0002896
0.0003624
0.0002673
0.0002674
0.0003235
0.0003333
0.000299
0.0003433
0.0003131
0.0002667
0.0003138
0.0002344
0.0002792
0.0003413
0.0003111
0.0003746
0.000368
0.0003671
0.0005618
0.0004578
0.0003481
0.0003513
0.0004439
0.0003946
0.0004554
0.0005584
0.0004484
0.0003716
0.0003211
0.0002881
0.0003639
0.000337
0.0004127
0.0004102
0.0004117
0.0009104
0.0003949
0.0004111
0.0007449
0.000384
0.0003075
0.0003719
0.0004022
0.0003742
0.0004579
0.0005313
0.0005202
0.0003438
0.0005112
0.0003995
0.0003859
0.0003786
0.0003015
0.0003673
0.0003523
0.0003612
0.000405
0.0004329
0.000377
0.0003572
0.0003681
0.0002927
0.0002611
0.0002851
0.000382
0.0003603
0.0003514
0.0003505
0.0004189
0.0003679
0.0003885
0.0003748
0.0003631
0.0003744
0.000399
0.0003014
0.00034
0.000435
0.0003351
0.0004057
0.0002714
0.0002389
0.0003426
0.0002572
0.0002272
0.0002649
0.0003735
0.0002215
0.0002714
0.0002869
0.0003797
0.0003152
0.0002494
0.0002428
0.0002402
0.0001991
0.0002088
0.0002207
0.0004522
0.0002542
0.0002977
0.0002071
0.000209
0.000202
0.0003011
0.0002098
0.0004134
0.0002601
0.000309
0.0003812
0.0003674
0.0002491
0.0002312
