799 0.002701
586 0.005794
760 0.01003
881 0.008429
1008 0.007723
1152 0.008966
1199 0.009663
1177 0.007961
1137 0.008293
1067 0.01087
1001 0.00749
936 0.009467
844 0.005444
811 0.01024
885 0.005321
791 0.004902
912 0.008555
883 0.007688
845 0.0118
826 0.00851
820 0.007381
808 0.00611
956 0.01132
909 0.007189
865 0.007755
812 0.004301
903 0.009792
840 0.008208
802 0.006872
998 0.008166
983 0.00561
870 0.007967
796 0.006382
883 0.00597
849 0.0111
814 0.008114
836 0.006267
835 0.006443
859 0.00745
829 0.008078
813 0.005233
1011 0.008676
971 0.005819
920 0.01006
886 0.004759
822 0.005985
805 0.004163
786 0.007537
769 0.00729
937 0.008102
887 0.005244
1015 0.00788
1019 0.009172
967 0.007759
932 0.005538
916 0.009603
904 0.005678
843 0.006334
811 0.006284
805 0.005521
838 0.007934
1020 0.009715
983 0.004943
1154 0.008813
1144 0.008772
1102 0.01056
1053 0.008388
990 0.006249
882 0.005374
972 0.005983
943 0.008513
949 0.005736
978 0.007305
956 0.005566
935 0.008983
1159 0.009948
1131 0.008406
1091 0.009308
1060 0.009245
1068 0.005604
1029 0.008497
1005 0.007116
1135 0.006619
1252 0.009463
1265 0.009583
1358 0.0115
1229 0.009954
977 0.008565
905 0.008862
910 0.009408
830 0.004946
885 0.008868
863 0.01136
799 0.007944
926 0.01241
825 0.006034
728 0.006088
640 0.005742
727 0.0123
689 0.004688
667 0.008986
624 0.00678
699 0.007211
732 0.005224
749 0.006766
754 0.008201
916 0.00583
924 0.008321
885 0.007053
903 0.007565
862 0.01037
984 0.005616
934 0.006899
921 0.007415
1112 0.009661
997 0.005967
850 0.01162
958 0.00945
882 0.006534
784 0.006309
764 0.006755
917 0.007958
887 0.006523
826 0.005249
762 0.01024
700 0.00393
686 0.008387
819 0.01146
800 0.006156
784 0.009734
787 0.0049
802 0.008418
797 0.006741
755 0.004724
890 0.009763
1046 0.007245
1052 0.008315
1046 0.00668
955 0.009654
894 0.005454
831 0.008943
772 0.004864
864 0.008437
794 0.007143
715 0.005557
820 0.008137
779 0.00552
757 0.005204
893 0.01014
876 0.007284
1073 0.009782
1073 0.007082
1034 0.008403
1004 0.007587
1129 0.008301
1297 0.007969
1224 0.01183
1089 0.01004
1061 0.008237
1059 0.006729
1099 0.01148
1020 0.006015
968 0.005562
933 0.01019
907 0.005529
855 0.007922
895 0.007175
953 0.00547
972 0.01239
857 0.005367
731 0.007888
693 0.00435
855 0.01201
878 0.004853
900 0.005235
832 0.01064
752 0.004722
890 0.008409
856 0.005775
835 0.006401
818 0.005298
965 0.008635
883 0.006258
890 0.005323
1095 0.007726
1047 0.008987
965 0.006668
917 0.009333
1024 0.008321
932 0.005809
988 0.008045
924 0.007689
915 0.01085
890 0.007337
827 0.006927
723 0.007615
733 0.004864
736 0.007558
713 0.00452
722 0.004983
854 0.008185
770 0.008771
859 0.01297
842 0.007786
860 0.007003
947 0.006623
921 0.009391
901 0.00599
949 0.005785
941 0.006498
920 0.009319
857 0.007633
824 0.004778
818 0.006182
828 0.006977
1053 0.009172
1021 0.006446
1004 0.01127
1006 0.01047
1009 0.008004
934 0.008659
862 0.006325
839 0.005687
777 0.007541
758 0.005966
743 0.007231
962 0.00482
980 0.00738
1061 0.006954
949 0.007341
876 0.006037
887 0.006122
894 0.009345
851 0.00558
798 0.005076
808 0.006423
1000 0.008801
1042 0.006343
1023 0.01361
995 0.008768
964 0.008558
932 0.005905
908 0.00627
926 0.009787
942 0.006947
899 0.007902
787 0.00801
640 0.004411
730 0.005426
630 0.006642
708 0.005051
720 0.005146
690 0.006882
664 0.007298
668 0.005087
666 0.00568
640 0.005714
757 0.004203
787 0.004206
786 0.008276
772 0.006019
790 0.004889
785 0.009357
807 0.004345
957 0.008387
957 0.005464
1137 0.01043
1121 0.01426
1109 0.006818
1017 0.006615
965 0.006115
1061 0.009238
916 0.004488
821 0.006441
806 0.008364
824 0.005437
791 0.005252
764 0.006911
919 0.009115
867 0.008132
850 0.006129
1019 0.008009
1023 0.01257
1058 0.008585
1064 0.007252
997 0.01063
900 0.006319
837 0.004929
847 0.00528
835 0.008601
994 0.007746
1021 0.009022
1021 0.008021
977 0.005729
1028 0.008414
1016 0.008319
1012 0.006678
1036 0.009189
1056 0.005878
1018 0.009461
1247 0.00678
1091 0.00637
1221 0.008017
1338 0.01116
1211 0.007619
1022 0.0101
939 0.008582
891 0.004847
1000 0.006269
952 0.006801
1029 0.01081
938 0.006053
862 0.005435
798 0.005022
857 0.01068
886 0.01186
963 0.007859
948 0.007208
919 0.01109
919 0.009687
985 0.006481
892 0.005411
883 0.00805
954 0.007263
896 0.008009
911 0.00876
900 0.006867
836 0.00829
775 0.007923
883 0.01061
822 0.008179
763 0.006208
776 0.00551
731 0.008897
667 0.006558
621 0.005453
604 0.0078
612 0.007138
717 0.007797
697 0.005926
847 0.006018
801 0.0068
740 0.007983
866 0.00588
745 0.006548
630 0.005217
598 0.004911
659 0.008702
670 0.004808
778 0.008263
889 0.006956
858 0.006084
786 0.01137
738 0.004987
732 0.006887
685 0.004687
704 0.005696
835 0.005564
779 0.008394
776 0.004802
756 0.008888
742 0.006078
791 0.007408
782 0.004603
760 0.004835
777 0.008582
798 0.004749
1011 0.009665
1000 0.009693
1001 0.008244
1083 0.008857
1108 0.007432
1076 0.008923
1046 0.007335
1011 0.008918
947 0.01128
964 0.005641
977 0.005726
970 0.006918
1010 0.004917
982 0.007152
1179 0.009147
1283 0.01347
1284 0.008659
1120 0.00741
1005 0.00956
985 0.008242
1096 0.008655
1056 0.006287
970 0.009032
987 0.005898
1078 0.01117
968 0.01343
886 0.005292
869 0.005513
830 0.005356
808 0.008858
853 0.00561
894 0.006516
1006 0.006728
1061 0.007697
1026 0.008174
949 0.009532
871 0.005609
965 0.008781
896 0.007424
768 0.005055
725 0.008378
680 0.004383
756 0.01139
793 0.007326
791 0.008834
761 0.005733
689 0.008734
639 0.006526
816 0.005496
928 0.0135
841 0.007785
792 0.006163
717 0.0054
643 0.007646
598 0.007395
714 0.00532
735 0.007244
742 0.005349
711 0.01109
657 0.006494
799 0.008707
763 0.004824
726 0.007889
710 0.007461
692 0.005045
647 0.004979
790 0.007708
787 0.008065
752 0.00505
686 0.005798
692 0.007055
667 0.004819
623 0.004078
547 0.006881
553 0.006636
701 0.006117
713 0.00499
716 0.00745
717 0.007825
703 0.004675
685 0.004636
689 0.005614
667 0.004284
639 0.004239
608 0.004179
615 0.006654
748 0.00795
718 0.00499
659 0.007379
602 0.008015
767 0.00511
765 0.005708
741 0.007284
706 0.006927
637 0.00441
644 0.004512
648 0.006749
669 0.007576
647 0.004293
817 0.007846
741 0.008568
701 0.007097
661 0.005331
656 0.006681
654 0.007073
623 0.004312
618 0.008582
753 0.007209
756 0.005908
740 0.005591
713 0.004882
641 0.005412
795 0.005546
799 0.006338
952 0.008589
968 0.006442
893 0.008154
854 0.009043
1037 0.006791
1028 0.009513
980 0.009225
931 0.006178
1097 0.01072
982 0.006842
854 0.009067
847 0.007466
960 0.008901
943 0.006134
895 0.006302
863 0.006745
1039 0.01064
1110 0.01353
1143 0.007032
1186 0.009642
1083 0.006443
1003 0.005873
940 0.006253
1159 0.01074
1142 0.01015
1035 0.005849
1169 0.01208
1266 0.007862
1200 0.01075
1132 0.007872
1127 0.008908
1129 0.007446
967 0.008468
841 0.01014
821 0.005393
889 0.01023
829 0.006673
926 0.01105
925 0.01154
890 0.009035
907 0.007183
787 0.006655
802 0.008863
694 0.007353
634 0.004887
618 0.00554
699 0.004984
635 0.004901
764 0.005858
805 0.007277
788 0.005045
766 0.009361
696 0.00646
784 0.00514
697 0.005482
813 0.008153
820 0.006937
779 0.005294
705 0.005632
658 0.007494
724 0.005378
648 0.00602
591 0.007486
604 0.006661
578 0.007774
558 0.004061
594 0.003654
755 0.004083
764 0.005484
735 0.006826
719 0.007447
619 0.008142
606 0.004401
640 0.007537
641 0.006226
777 0.00516
720 0.007803
674 0.004811
664 0.004356
725 0.00511
706 0.00639
743 0.005855
741 0.005131
729 0.007186
717 0.005951
777 0.005372
768 0.008278
705 0.006544
738 0.004227
936 0.006134
1100 0.01114
1079 0.007402
998 0.0075
1022 0.01019
1032 0.009537
1067 0.007975
1063 0.006475
1096 0.008738
1091 0.006524
1085 0.00946
1116 0.007708
1056 0.007726
1032 0.009644
995 0.007125
914 0.005636
1018 0.006241
907 0.008619
960 0.006795
939 0.01306
914 0.008758
791 0.006161
781 0.005833
765 0.01442
787 0.005438
918 0.01037
877 0.006638
850 0.01096
871 0.00903
879 0.006962
843 0.009641
1046 0.006725
1063 0.007183
1033 0.01012
1012 0.009799
995 0.007377
946 0.007016
880 0.007687
881 0.008209
832 0.009096
766 0.005636
943 0.006778
898 0.007065
844 0.007766
800 0.005435
737 0.005782
669 0.007602
632 0.006792
600 0.004579
593 0.007266
571 0.004125
524 0.005039
620 0.007441
560 0.004849
529 0.003987
503 0.007269
502 0.003855
606 0.004812
600 0.006881
688 0.007794
654 0.00537
585 0.007376
591 0.007118
653 0.005007
620 0.006054
594 0.005489
595 0.006223
621 0.007112
606 0.006587
626 0.004222
654 0.007164
673 0.007017
713 0.004237
744 0.004815
768 0.007038
760 0.005883
761 0.00779
773 0.006869
982 0.007179
895 0.006258
840 0.008346
828 0.008062
837 0.005049
789 0.005285
747 0.004051
709 0.006864
723 0.005407
740 0.007108
758 0.008948
788 0.008986
986 0.006287
910 0.007291
1028 0.007433
967 0.006417
921 0.01045
883 0.006244
1022 0.007217
1000 0.009836
941 0.008412
889 0.005511
831 0.007392
793 0.006733
967 0.006051
1118 0.0077
1062 0.00658
998 0.006214
911 0.005781
814 0.005286
677 0.004773
584 0.006645
691 0.008889
758 0.005241
756 0.006045
719 0.008615
676 0.006888
615 0.004231
692 0.009266
627 0.008377
631 0.007584
641 0.00498
597 0.007159
543 0.008256
479 0.003834
439 0.003796
503 0.004071
518 0.005402
503 0.006375
514 0.00389
538 0.007214
568 0.004537
722 0.008576
771 0.00707
737 0.004578
858 0.006213
796 0.006956
700 0.004955
638 0.004967
585 0.004704
632 0.004366
670 0.00695
751 0.00454
747 0.00605
785 0.008712
950 0.008708
930 0.006293
843 0.008661
769 0.007506
729 0.00655
693 0.005861
669 0.007011
644 0.004815
615 0.00747
722 0.007817
651 0.005103
597 0.009492
618 0.007671
791 0.005354
720 0.01023
647 0.007642
603 0.007436
722 0.006601
674 0.004802
637 0.004776
667 0.004337
766 0.006177
776 0.008106
702 0.005924
667 0.005147
636 0.007636
717 0.008376
636 0.004926
590 0.007391
607 0.004913
587 0.00452
596 0.006774
623 0.005014
627 0.004616
634 0.006847
602 0.004218
717 0.005532
767 0.008541
722 0.006606
703 0.005881
623 0.006962
516 0.006394
597 0.005053
543 0.005135
522 0.006158
550 0.006009
597 0.004963
600 0.007587
595 0.005065
567 0.00463
538 0.00517
633 0.006992
618 0.004679
730 0.005551
703 0.006918
624 0.004847
535 0.005631
573 0.007123
522 0.007843
528 0.006344
517 0.006112
543 0.004242
539 0.004117
622 0.004633
604 0.00456
698 0.00783
685 0.006798
649 0.004646
628 0.006785
598 0.008841
599 0.004341
584 0.007079
716 0.007805
660 0.00467
720 0.007597
657 0.009528
617 0.004895
614 0.00635
550 0.004624
522 0.004222
636 0.007782
657 0.007886
706 0.005271
877 0.009309
881 0.009718
811 0.005482
838 0.009118
835 0.005772
857 0.009359
885 0.009926
923 0.01208
947 0.00575
1124 0.006737
1104 0.00647
1236 0.009634
1139 0.01088
1098 0.007094
1082 0.006308
1058 0.0091
1140 0.006275
1079 0.006227
1251 0.007486
1421 0.01223
1248 0.008592
991 0.007
933 0.008283
947 0.0072
947 0.006045
885 0.009502
896 0.006621
950 0.006819
906 0.01078
825 0.009178
819 0.00709
736 0.006929
646 0.006892
777 0.01075
781 0.005617
745 0.004999
663 0.005435
586 0.004158
613 0.00598
690 0.007443
689 0.004831
654 0.008804
641 0.006297
662 0.004951
811 0.005951
751 0.005419
893 0.008908
832 0.009526
788 0.006569
777 0.005799
755 0.007294
731 0.00772
834 0.005929
783 0.008072
750 0.008075
719 0.005509
863 0.008595
769 0.006471
732 0.005023
772 0.01032
812 0.009221
931 0.00617
910 0.009259
895 0.009417
910 0.01136
920 0.006301
912 0.01088
911 0.009287
894 0.01005
876 0.006325
859 0.008187
1089 0.006684
1057 0.006485
995 0.009595
1004 0.006466
1056 0.009656
1283 0.008471
1229 0.007097
1331 0.008826
1193 0.01056
1090 0.009189
1077 0.00625
1077 0.008995
1091 0.008572
1078 0.006047
1191 0.009864
1075 0.007601
1025 0.006393
991 0.005732
986 0.007313
1199 0.00713
1118 0.00636
1253 0.01071
1189 0.01093
1096 0.007437
1036 0.01022
1013 0.006245
1121 0.009433
1100 0.009361
993 0.006159
995 0.008323
1185 0.007351
1048 0.008128
1135 0.006643
1193 0.01044
1006 0.006403
916 0.008638
915 0.007866
879 0.005275
873 0.007068
784 0.005313
689 0.003935
801 0.005537
890 0.006701
796 0.008425
731 0.005724
793 0.006028
792 0.005923
754 0.00482
801 0.008437
811 0.005503
764 0.008567
827 0.008947
797 0.005411
785 0.005262
658 0.006393
615 0.005999
715 0.005051
671 0.006484
611 0.004849
614 0.004331
724 0.007579
721 0.005155
672 0.00715
793 0.007919
696 0.004832
569 0.005684
532 0.007225
529 0.003995
642 0.007207
778 0.008678
790 0.005769
810 0.009817
829 0.006235
845 0.008078
930 0.007893
960 0.006059
904 0.008924
862 0.007451
805 0.005333
748 0.005318
690 0.007275
664 0.005345
666 0.009494
664 0.003911
679 0.004432
901 0.007673
1097 0.009532
1093 0.008095
1028 0.009333
1016 0.00909
987 0.006526
920 0.009627
860 0.006054
976 0.009281
935 0.008045
831 0.006367
761 0.004921
767 0.004986
764 0.008262
775 0.007668
1015 0.006542
1072 0.009249
1292 0.008691
1298 0.01444
1210 0.00875
1133 0.009422
1138 0.00821
1139 0.01143
1134 0.01362
1107 0.008263
1055 0.007193
1056 0.008663
1091 0.007573
1120 0.01476
1308 0.00875
1173 0.009303
1066 0.009578
949 0.005643
864 0.007731
1070 0.00693
1289 0.01033
1233 0.007983
1086 0.006552
978 0.009201
871 0.008898
918 0.006501
816 0.005613
766 0.01329
751 0.007732
704 0.004783
655 0.004624
670 0.007215
683 0.005378
633 0.007619
618 0.007127
621 0.004259
599 0.007416
709 0.008737
689 0.004857
626 0.007686
625 0.007778
585 0.004647
561 0.007482
539 0.005004
669 0.005469
624 0.00674
598 0.005975
591 0.004667
601 0.00461
620 0.004278
713 0.005572
797 0.0102
728 0.008119
652 0.005016
599 0.006707
567 0.00702
569 0.004652
575 0.004669
701 0.005503
686 0.005143
770 0.006252
744 0.007715
673 0.005615
649 0.007832
593 0.004417
574 0.006138
541 0.006886
635 0.005217
741 0.0061
697 0.007519
630 0.005082
597 0.005206
548 0.004332
505 0.003921
594 0.005039
660 0.006469
654 0.005029
624 0.008373
594 0.01033
568 0.004533
564 0.004682
563 0.00659
662 0.005326
641 0.004812
586 0.006537
539 0.006587
523 0.003842
518 0.006359
488 0.003705
610 0.004915
582 0.00672
645 0.007123
620 0.00451
601 0.00661
741 0.008405
702 0.00514
620 0.006749
541 0.008408
532 0.00573
566 0.004435
587 0.005812
706 0.005706
642 0.004877
585 0.007521
560 0.005065
557 0.00752
563 0.006263
536 0.004349
499 0.006385
507 0.006765
521 0.003818
543 0.0043
559 0.006692
717 0.0059
861 0.006574
826 0.006603
792 0.007605
887 0.00693
873 0.008282
871 0.008749
844 0.006112
772 0.005606
668 0.005852
662 0.00841
781 0.00637
766 0.008596
715 0.004888
723 0.006265
719 0.00526
859 0.0106
937 0.007364
908 0.006125
887 0.009326
861 0.005585
827 0.007986
796 0.005839
931 0.005866
1079 0.007681
1228 0.01117
1303 0.01192
1270 0.008796
1198 0.01033
1133 0.007946
1035 0.007897
1058 0.007251
1011 0.008335
1183 0.007847
1113 0.007025
1123 0.008849
995 0.007206
859 0.009689
783 0.007513
744 0.006429
720 0.005451
778 0.005499
706 0.01091
705 0.004713
721 0.007037
707 0.004196
696 0.006776
729 0.006868
703 0.004385
681 0.004762
683 0.006318
855 0.008095
827 0.007679
823 0.004905
742 0.004243
772 0.008251
962 0.005685
922 0.009133
868 0.005244
1098 0.007317
1182 0.009871
1138 0.007677
941 0.006485
998 0.008671
957 0.009341
862 0.005941
821 0.006367
763 0.005423
859 0.00636
815 0.009633
754 0.007994
695 0.0048
694 0.005048
658 0.007958
834 0.006212
801 0.009002
806 0.005584
893 0.006936
838 0.006108
737 0.008412
741 0.005269
891 0.009298
870 0.008386
826 0.005545
801 0.005282
787 0.005437
759 0.005182
766 0.005483
777 0.006204
765 0.00774
728 0.005432
716 0.004598
899 0.008028
836 0.005432
779 0.005613
768 0.005238
796 0.005171
842 0.006673
849 0.005287
1041 0.007046
972 0.008814
888 0.008504
813 0.005405
759 0.0104
693 0.006458
646 0.005145
803 0.007744
789 0.005212
771 0.008259
769 0.005245
756 0.005543
674 0.004581
769 0.00794
734 0.008125
726 0.004972
882 0.006822
874 0.008534
861 0.006241
874 0.006348
876 0.006319
1028 0.00789
930 0.008811
868 0.008236
827 0.00605
773 0.008376
738 0.008422
887 0.006975
825 0.006441
788 0.008424
772 0.007875
742 0.005921
701 0.005081
665 0.007177
663 0.005174
639 0.004622
645 0.008663
796 0.005545
828 0.005278
832 0.008643
1019 0.006836
1008 0.006938
964 0.006777
889 0.009161
833 0.006143
840 0.01067
785 0.008036
822 0.005693
698 0.006351
660 0.006895
640 0.004853
595 0.006401
770 0.008253
758 0.005135
863 0.007886
751 0.007613
721 0.005323
707 0.007572
664 0.005021
570 0.004488
548 0.004715
615 0.004769
696 0.005788
661 0.005054
750 0.01066
721 0.006442
767 0.005287
759 0.008459
738 0.005608
733 0.005349
687 0.007673
636 0.004626
602 0.005039
601 0.004554
585 0.007151
536 0.005063
526 0.004447
510 0.006139
493 0.005814
482 0.003817
501 0.006043
650 0.006372
776 0.005612
790 0.01017
874 0.006966
801 0.005813
746 0.005477
750 0.006251
815 0.006128
823 0.006118
791 0.01049
831 0.006086
733 0.008328
741 0.005464
846 0.008511
775 0.008791
742 0.007685
798 0.005155
785 0.009529
822 0.006536
862 0.006815
1013 0.01119
969 0.006592
957 0.00658
966 0.006481
997 0.008083
1002 0.008132
956 0.006134
930 0.007232
859 0.004835
803 0.004984
934 0.008341
978 0.006755
904 0.006239
822 0.007719
890 0.006911
828 0.006732
797 0.008622
731 0.005644
679 0.004873
771 0.009551
770 0.008091
791 0.006013
815 0.005333
829 0.005228
967 0.006427
920 0.00893
838 0.007319
813 0.005232
772 0.00522
713 0.007295
623 0.006294
563 0.00433
516 0.006167
599 0.006921
559 0.007079
504 0.003944
494 0.00401
461 0.003579
430 0.008232
436 0.003487
559 0.006175
537 0.005837
481 0.004122
443 0.004388
502 0.003929
530 0.004272
520 0.00767
567 0.007184
600 0.004235
634 0.006363
667 0.004303
802 0.005245
756 0.007778
703 0.007987
680 0.004477
694 0.006565
642 0.006707
579 0.004324
619 0.004474
741 0.007874
702 0.005671
737 0.007803
747 0.005046
823 0.008301
814 0.005368
833 0.005466
807 0.008811
820 0.007814
810 0.005167
808 0.006633
785 0.009129
772 0.007215
738 0.00561
748 0.004707
735 0.005381
752 0.005398
742 0.007417
707 0.006524
840 0.006056
776 0.00807
710 0.007289
686 0.004785
791 0.006163
768 0.008091
725 0.008304
721 0.005916
650 0.007158
718 0.006181
628 0.005029
503 0.004397
618 0.006673
653 0.006382
658 0.005045
653 0.005962
634 0.00823
427 0.004697
343 0.006057
323 0.005331
377 0.003161
435 0.003644
411 0.003323
372 0.003149
373 0.006252
366 0.003119
410 0.005279
474 0.005083
520 0.00399
477 0.00638
418 0.005587
373 0.003108
352 0.005911
350 0.005243
368 0.00309
461 0.005857
420 0.003257
417 0.008018
444 0.004281
455 0.006298
491 0.003614
514 0.005648
546 0.005627
572 0.004845
608 0.004593
812 0.004928
834 0.007934
854 0.007032
864 0.005236
863 0.006948
834 0.006709
821 0.00672
813 0.00472
828 0.007151
879 0.006901
861 0.004677
792 0.004022
774 0.006441
958 0.00544
1073 0.008643
1027 0.005463
1008 0.005338
1183 0.01001
1129 0.009586
1049 0.01321
978 0.008774
970 0.006176
1116 0.01031
1114 0.009551
1030 0.007258
936 0.007786
884 0.006611
805 0.007869
738 0.005478
845 0.006867
774 0.007964
674 0.004535
619 0.005334
697 0.005034
654 0.005028
614 0.006332
617 0.004356
580 0.004552
693 0.006956
640 0.004579
609 0.006412
608 0.006467
590 0.004094
659 0.005364
619 0.006814
582 0.00412
569 0.004218
573 0.005567
757 0.005323
807 0.005521
804 0.007963
795 0.007295
691 0.004935
641 0.008665
624 0.004402
623 0.0069
674 0.006533
565 0.004643
505 0.006091
526 0.005505
526 0.006278
503 0.003881
555 0.006221
603 0.003918
614 0.0057
592 0.003741
748 0.007306
726 0.007641
690 0.004973
850 0.008456
812 0.007709
759 0.005452
858 0.005542
795 0.005792
759 0.005414
706 0.005328
767 0.0058
652 0.007057
571 0.004726
547 0.00959
521 0.004781
515 0.00639
541 0.005884
648 0.007063
642 0.006309
659 0.004788
723 0.004999
870 0.006645
778 0.007019
720 0.005257
710 0.007822
702 0.006333
682 0.004669
604 0.006562
522 0.006202
585 0.005003
538 0.006686
506 0.006711
506 0.004525
492 0.006774
490 0.006053
637 0.004783
621 0.004559
610 0.004925
726 0.005326
714 0.007763
653 0.005927
621 0.00482
597 0.007463
683 0.007851
627 0.004676
579 0.007722
553 0.004743
531 0.004118
625 0.007236
608 0.007681
725 0.00557
723 0.006907
669 0.01072
620 0.004869
612 0.00687
600 0.006822
734 0.005705
675 0.007688
809 0.008525
824 0.006764
780 0.005657
755 0.005452
721 0.005555
714 0.005168
863 0.006794
843 0.008879
882 0.005311
859 0.005194
1023 0.006845
983 0.008486
931 0.005754
920 0.008528
890 0.00499
868 0.00674
814 0.004825
1004 0.006627
904 0.005733
833 0.006307
993 0.006398
1018 0.008659
1009 0.008217
949 0.006141
912 0.005806
903 0.008983
1111 0.007065
1069 0.00733
978 0.00873
929 0.005966
881 0.005603
868 0.007499
1059 0.01084
1175 0.008114
1150 0.01018
1088 0.009349
996 0.007034
897 0.006225
794 0.007501
862 0.006236
835 0.005795
784 0.007434
753 0.009342
719 0.005298
714 0.006365
879 0.009588
897 0.008245
854 0.00992
963 0.007556
934 0.006325
976 0.007519
891 0.007171
847 0.005845
909 0.008384
848 0.007487
779 0.005403
768 0.005121
734 0.007045
880 0.008397
853 0.005963
869 0.008821
916 0.008283
907 0.005989
877 0.007762
854 0.007289
880 0.006327
882 0.005154
891 0.01006
877 0.005193
867 0.007464
856 0.007563
825 0.004944
808 0.007014
808 0.006653
804 0.005695
809 0.004745
812 0.004648
830 0.004667
859 0.004484
846 0.004677
976 0.007689
848 0.005225
741 0.005137
711 0.006834
671 0.004736
641 0.007272
622 0.006083
615 0.007873
747 0.008257
851 0.01023
769 0.006631
732 0.005671
806 0.006877
736 0.008506
832 0.006511
832 0.006297
862 0.007953
901 0.006924
842 0.008748
786 0.008151
777 0.005864
776 0.0061
786 0.005719
779 0.005738
760 0.008072
724 0.007835
700 0.004907
686 0.005433
670 0.006915
658 0.004864
693 0.006746
737 0.004979
730 0.004531
682 0.006805
669 0.005607
665 0.004721
841 0.008386
832 0.008655
819 0.005565
840 0.007809
841 0.005676
877 0.005326
1117 0.006933
1094 0.007394
1081 0.01091
1054 0.006996
1064 0.006502
1256 0.01291
1207 0.008014
1187 0.007805
1145 0.01034
1063 0.01116
998 0.00678
981 0.011
880 0.00956
795 0.005812
687 0.006584
683 0.006784
819 0.005683
773 0.00543
723 0.008225
880 0.008587
837 0.006623
771 0.006381
718 0.008759
758 0.006093
722 0.00818
676 0.00502
612 0.007784
585 0.005303
576 0.006301
647 0.005101
660 0.008595
636 0.004893
722 0.008769
703 0.005564
724 0.008597
698 0.007246
675 0.005229
643 0.007851
604 0.01289
582 0.006327
561 0.00458
561 0.004129
713 0.006343
759 0.005689
745 0.009371
681 0.004872
586 0.006186
511 0.00683
551 0.004843
708 0.005454
708 0.005146
685 0.00833
630 0.005668
750 0.005663
722 0.006258
692 0.008375
672 0.005356
636 0.00457
585 0.008246
778 0.01186
751 0.00778
845 0.006698
884 0.0101
833 0.01262
768 0.007835
624 0.007631
676 0.005315
689 0.007468
689 0.005357
682 0.007424
610 0.005736
600 0.007304
736 0.005545
761 0.009544
711 0.007228
658 0.005339
783 0.006995
723 0.005443
648 0.009495
581 0.006933
554 0.004341
643 0.005616
599 0.008124
535 0.004969
536 0.00705
482 0.006507
558 0.008307
553 0.007591
552 0.004522
570 0.007063
524 0.006822
502 0.003912
481 0.006815
500 0.004043
536 0.005047
658 0.00758
780 0.006311
739 0.007536
667 0.008033
769 0.005515
782 0.007544
779 0.007383
767 0.005367
758 0.008365
850 0.008005
826 0.006423
807 0.006254
757 0.01133
665 0.005502
680 0.004993
696 0.007213
820 0.005466
744 0.00755
624 0.00698
717 0.005195
687 0.006454
704 0.007775
734 0.005239
906 0.005505
1105 0.01155
1149 0.007099
1314 0.01145
1217 0.01172
1192 0.008838
1134 0.009014
1100 0.007385
1257 0.01079
1213 0.009545
1176 0.00754
1263 0.009032
1079 0.00838
969 0.006861
1054 0.006419
1074 0.009169
1078 0.008312
1135 0.006269
1308 0.009398
1216 0.007978
1094 0.007033
1202 0.007567
1096 0.009379
1056 0.006692
986 0.006408
951 0.008592
1137 0.01014
1001 0.00778
832 0.005794
814 0.009645
923 0.006646
1013 0.006709
964 0.006973
886 0.006094
977 0.007212
917 0.00926
1103 0.0118
1024 0.006918
966 0.006571
917 0.006477
876 0.006209
827 0.007116
919 0.006555
875 0.006271
884 0.009048
797 0.00903
708 0.005415
677 0.009964
638 0.005054
628 0.005059
650 0.006465
653 0.006336
626 0.006535
580 0.007448
604 0.004568
730 0.00559
695 0.009096
625 0.004808
597 0.006672
618 0.008043
719 0.005033
673 0.007569
641 0.005114
751 0.005584
742 0.007622
711 0.005306
729 0.005437
718 0.007839
668 0.00502
665 0.004906
659 0.00659
671 0.006894
688 0.004444
694 0.00762
668 0.005631
655 0.004069
647 0.004416
838 0.007507
800 0.007399
923 0.006431
1099 0.01524
1094 0.01056
1073 0.007846
1025 0.007925
1018 0.01
935 0.006947
876 0.006401
791 0.007614
698 0.007973
669 0.007823
776 0.005799
726 0.008314
645 0.007887
629 0.004843
641 0.005033
656 0.007205
660 0.005842
793 0.005978
743 0.008455
703 0.008541
723 0.005262
761 0.005486
943 0.007664
936 0.007236
902 0.006442
882 0.008624
844 0.007166
804 0.005553
787 0.004895
757 0.006751
748 0.008333
902 0.005946
791 0.005707
748 0.005579
733 0.005419
719 0.007855
706 0.005752
705 0.008708
732 0.007397
921 0.006249
1100 0.009123
1090 0.009758
1035 0.007473
959 0.006784
918 0.009716
871 0.008769
854 0.006251
842 0.00629
853 0.00896
989 0.007052
1136 0.009891
1094 0.009681
1082 0.008322
1042 0.008808
976 0.007178
846 0.006264
801 0.008054
754 0.005858
794 0.005424
964 0.008451
898 0.006838
856 0.006001
852 0.006244
1033 0.007016
927 0.008297
903 0.008171
923 0.006913
913 0.008399
904 0.008389
872 0.006332
845 0.005459
819 0.00846
774 0.005243
788 0.00708
818 0.005391
1013 0.006735
1003 0.007041
1105 0.007792
1121 0.01117
1085 0.007803
1025 0.007529
990 0.00861
1022 0.006602
1203 0.008873
1104 0.01051
1240 0.01034
1068 0.007862
985 0.009953
952 0.006813
959 0.006396
910 0.007202
1014 0.007288
902 0.00599
862 0.008034
870 0.008445
862 0.005973
877 0.007847
898 0.007602
900 0.005962
873 0.007435
859 0.006419
800 0.005523
747 0.005104
914 0.008842
839 0.00619
721 0.005391
655 0.006721
796 0.005704
803 0.007662
817 0.005972
789 0.008951
777 0.007805
724 0.006333
705 0.005514
626 0.006859
587 0.007053
587 0.004411
606 0.007931
763 0.007362
725 0.004944
670 0.007559
695 0.006166
677 0.004797
820 0.006112
764 0.007223
733 0.005075
722 0.00684
733 0.006539
724 0.005119
717 0.005896
925 0.008475
895 0.006047
900 0.005675
865 0.006987
858 0.008064
819 0.005484
733 0.00541
686 0.004836
656 0.007023
626 0.006826
619 0.004777
636 0.007043
642 0.004483
616 0.005185
672 0.006588
913 0.006212
920 0.008453
915 0.007857
890 0.006045
906 0.005864
881 0.005547
889 0.005472
1058 0.01367
966 0.006077
929 0.008053
888 0.009486
860 0.005682
900 0.00585
1120 0.008649
1112 0.0071
969 0.007011
857 0.009165
980 0.009226
1109 0.006963
1184 0.009418
1122 0.008748
1066 0.006508
1015 0.005927
1179 0.008846
1119 0.007032
1225 0.0111
1091 0.007374
1042 0.007232
904 0.005552
898 0.005624
841 0.00709
977 0.01173
948 0.008071
997 0.008217
977 0.008566
950 0.007083
998 0.007113
879 0.009553
841 0.007518
767 0.008807
760 0.005322
636 0.008085
648 0.004717
741 0.006966
849 0.005467
959 0.006858
853 0.007417
777 0.005615
741 0.004849
706 0.005343
670 0.006805
786 0.007994
763 0.005431
698 0.00476
633 0.006783
588 0.004671
571 0.003873
629 0.005972
638 0.004682
689 0.004969
681 0.007183
679 0.006888
639 0.004565
650 0.004321
653 0.006065
670 0.005359
797 0.005752
730 0.005717
710 0.007391
905 0.006359
932 0.007676
1052 0.009332
999 0.007131
950 0.008122
907 0.008283
971 0.006904
904 0.006313
820 0.005981
762 0.005706
644 0.006615
617 0.005844
768 0.007695
806 0.009286
983 0.007238
934 0.007369
919 0.008141
844 0.008552
755 0.007287
720 0.005159
712 0.008212
852 0.009071
799 0.005542
758 0.005706
696 0.006765
801 0.006182
715 0.00787
662 0.005956
618 0.005309
613 0.006555
625 0.00805
656 0.004773
692 0.007774
704 0.006477
692 0.004504
674 0.005371
850 0.006205
840 0.00613
826 0.00797
818 0.005729
746 0.007031
660 0.006469
608 0.004894
561 0.006488
532 0.004359
676 0.005473
673 0.006753
791 0.00807
794 0.005921
896 0.0088
886 0.009021
858 0.006084
840 0.006184
819 0.005912
927 0.006615
874 0.00857
823 0.007982
822 0.006054
840 0.005539
781 0.005346
778 0.007632
951 0.006136
955 0.008905
913 0.006092
915 0.008481
897 0.006403
831 0.005422
765 0.004796
877 0.01172
773 0.005277
724 0.007044
665 0.004643
628 0.004251
665 0.007379
718 0.00699
941 0.006093
926 0.005916
1123 0.008024
1048 0.01261
957 0.006441
893 0.008028
957 0.006473
876 0.008241
851 0.006177
869 0.007883
864 0.008855
1044 0.007452
961 0.006535
875 0.008211
809 0.00548
773 0.007066
725 0.004579
696 0.005012
812 0.00534
794 0.00486
965 0.006031
944 0.005877
887 0.007566
1041 0.008754
1040 0.006872
951 0.00802
1032 0.01034
968 0.006196
923 0.00794
929 0.006497
790 0.00688
647 0.004737
618 0.007506
659 0.005125
579 0.004624
562 0.004909
592 0.008799
561 0.004502
677 0.008142
717 0.007572
777 0.005339
698 0.005733
834 0.009619
773 0.006329
735 0.009291
695 0.005185
701 0.007745
686 0.00781
832 0.006012
965 0.007327
887 0.008184
826 0.007418
748 0.005654
698 0.0104
844 0.009407
792 0.005923
715 0.005406
786 0.008018
719 0.007998
688 0.005235
673 0.006043
639 0.007567
615 0.004328
715 0.007173
674 0.006458
599 0.004529
559 0.00446
556 0.003899
545 0.006113
565 0.004225
558 0.003733
560 0.005838
526 0.006321
494 0.004201
622 0.008265
659 0.004166
671 0.004615
705 0.007329
694 0.006008
813 0.006297
718 0.007289
847 0.007384
758 0.006003
682 0.006736
626 0.006951
596 0.004909
571 0.006911
558 0.008006
668 0.004806
688 0.005067
654 0.007213
640 0.004642
603 0.007672
603 0.007613
608 0.004531
597 0.004548
594 0.004387
571 0.004264
559 0.006061
544 0.003564
606 0.00656
802 0.007077
796 0.005235
951 0.008224
896 0.009739
855 0.006935
776 0.005589
722 0.005214
844 0.00543
853 0.005483
872 0.00572
917 0.007335
945 0.005411
944 0.005075
902 0.006274
1108 0.006511
1051 0.008201
992 0.007508
919 0.005646
911 0.00716
1084 0.008233
1018 0.006268
1087 0.01195
1181 0.008526
1137 0.009042
1097 0.00958
1092 0.008119
993 0.008302
946 0.007057
905 0.007809
960 0.006568
878 0.006179
795 0.005546
763 0.007069
814 0.005546
745 0.007234
839 0.008885
831 0.005905
817 0.008734
792 0.005566
891 0.008725
845 0.008149
746 0.005151
849 0.005848
771 0.00548
658 0.005321
568 0.007536
632 0.007332
596 0.004653
594 0.00656
736 0.005863
745 0.005614
684 0.007264
730 0.008529
646 0.005052
548 0.006283
515 0.006471
485 0.004004
580 0.01015
558 0.008409
543 0.004487
678 0.009221
654 0.004804
630 0.008024
643 0.007524
740 0.005609
703 0.006524
662 0.005109
823 0.008183
778 0.006405
715 0.005613
653 0.007701
613 0.005254
723 0.005463
668 0.004935
635 0.007379
615 0.004789
630 0.006734
670 0.006787
706 0.004695
702 0.006237
682 0.008185
639 0.004306
806 0.008693
884 0.008648
843 0.005928
865 0.006168
825 0.007637
790 0.008927
748 0.005617
894 0.01109
809 0.007472
690 0.005548
617 0.00621
735 0.006845
735 0.005142
704 0.007166
713 0.009496
698 0.004957
865 0.008295
847 0.007616
774 0.008256
746 0.005319
745 0.004644
905 0.006184
855 0.007039
987 0.009993
895 0.006188
862 0.009858
924 0.005845
887 0.01024
889 0.00576
923 0.005873
1130 0.007218
1103 0.008717
1074 0.006025
1077 0.008167
1063 0.007883
1293 0.008006
1193 0.008314
1142 0.00688
1074 0.008372
1001 0.007504
876 0.005141
1036 0.008224
987 0.006319
1180 0.007779
1172 0.009529
1128 0.00829
1083 0.006832
1022 0.005887
920 0.007032
1076 0.008656
963 0.008908
812 0.006316
789 0.008113
764 0.006846
786 0.005388
916 0.01009
880 0.01036
778 0.006574
749 0.006514
760 0.008546
780 0.005791
824 0.007387
897 0.007591
1040 0.007075
1207 0.008643
1130 0.009884
1008 0.01045
877 0.005932
773 0.007197
848 0.006079
766 0.005919
696 0.00715
584 0.005489
552 0.00649
672 0.005705
701 0.005614
653 0.005721
594 0.005261
562 0.004726
553 0.005821
665 0.005012
589 0.004899
554 0.00447
582 0.004873
735 0.007344
745 0.006037
659 0.005515
600 0.006575
578 0.00452
532 0.003786
519 0.006467
474 0.004578
475 0.004018
451 0.00636
456 0.003982
444 0.003937
550 0.004517
556 0.006529
593 0.004997
587 0.006731
722 0.005353
686 0.007669
638 0.006849
635 0.004863
599 0.004821
586 0.004424
582 0.004644
578 0.007663
532 0.004089
497 0.004256
627 0.007777
607 0.005104
543 0.006803
660 0.007027
665 0.005771
622 0.006985
591 0.004781
605 0.005062
584 0.005657
598 0.007033
573 0.005141
562 0.005798
545 0.006059
557 0.006971
714 0.005292
753 0.007463
712 0.005367
696 0.007327
623 0.006694
561 0.004509
523 0.00703
508 0.004299
510 0.004515
643 0.008109
675 0.005215
795 0.008463
805 0.008684
741 0.005721
683 0.007779
765 0.008508
730 0.005632
655 0.008562
669 0.005155
614 0.007007
588 0.006253
628 0.00532
652 0.007097
693 0.005021
859 0.005994
773 0.007495
670 0.007983
610 0.005144
595 0.007379
647 0.007447
573 0.007592
652 0.005423
595 0.004971
573 0.006921
549 0.006708
532 0.007192
507 0.004349
513 0.008065
647 0.007027
705 0.005196
882 0.008248
900 0.008071
854 0.005977
757 0.008037
664 0.008281
658 0.009487
804 0.005838
872 0.009806
902 0.006053
926 0.005349
942 0.007951
917 0.006832
889 0.008447
870 0.006402
864 0.007845
1119 0.0074
1304 0.0114
1306 0.009158
1092 0.00778
994 0.008821
994 0.007867
994 0.009346
991 0.00678
1038 0.007316
992 0.007213
973 0.005683
1131 0.007685
1035 0.0107
919 0.008234
883 0.005676
1001 0.007769
1109 0.007977
900 0.006072
722 0.007506
651 0.008472
666 0.006232
680 0.007939
737 0.005494
740 0.00799
697 0.004994
708 0.00717
795 0.007164
718 0.005077
656 0.007314
643 0.006631
728 0.005401
665 0.007213
730 0.008014
635 0.007528
564 0.00759
513 0.006849
554 0.00472
541 0.006361
546 0.007274
538 0.004431
567 0.008593
546 0.006357
654 0.005291
625 0.005601
569 0.006452
544 0.004106
514 0.005977
632 0.004774
608 0.004339
642 0.007743
593 0.006819
525 0.003776
557 0.006806
719 0.007726
732 0.00561
739 0.007497
857 0.007754
787 0.005796
727 0.007788
705 0.006883
660 0.004669
780 0.005907
718 0.008369
681 0.00562
740 0.00552
661 0.006774
643 0.007487
677 0.004616
848 0.006131
910 0.008497
944 0.005655
1169 0.00706
1187 0.007336
1131 0.00962
1100 0.007066
1307 0.008853
1240 0.0122
1177 0.007423
1144 0.008768
1341 0.00865
1172 0.006769
1102 0.006585
1297 0.009225
1244 0.0102
1144 0.006913
1115 0.00792
1244 0.007814
1139 0.007733
1072 0.006728
1155 0.009252
1023 0.007126
1027 0.009074
1037 0.006493
1032 0.0084
1052 0.00675
939 0.006141
779 0.008907
817 0.004956
829 0.005387
995 0.008902
997 0.006697
995 0.009652
1025 0.006805
1221 0.007967
1151 0.007639
1094 0.006477
1104 0.006305
1114 0.008439
1071 0.006117
1265 0.01171
1130 0.006414
1192 0.01005
1305 0.009035
1155 0.009967
1060 0.008833
1108 0.008105
1055 0.009615
1069 0.009561
1025 0.006755
947 0.008753
1010 0.006402
1004 0.006719
905 0.005996
947 0.006763
868 0.0112
842 0.008803
974 0.007125
968 0.006442
918 0.007655
937 0.008131
946 0.006632
968 0.008837
936 0.007956
957 0.005361
975 0.007727
944 0.008003
849 0.01451
806 0.006788
952 0.006682
895 0.006805
804 0.0079
767 0.005963
726 0.004985
685 0.006267
651 0.006564
822 0.005382
773 0.007486
674 0.004863
658 0.0046
776 0.006409
831 0.007047
794 0.005721
701 0.007436
641 0.004861
606 0.004968
719 0.005156
719 0.006673
743 0.007635
858 0.006375
833 0.007906
790 0.005234
749 0.005395
721 0.007259
720 0.007921
846 0.006077
800 0.007392
775 0.007165
736 0.005545
706 0.004817
750 0.005986
747 0.005059
757 0.00486
753 0.004978
730 0.005198
727 0.004831
719 0.004491
732 0.007214
773 0.004749
983 0.005902
975 0.006311
1056 0.006228
1138 0.01002
1086 0.009255
1057 0.008661
1060 0.005699
1027 0.007773
972 0.008018
995 0.005753
996 0.005673
1238 0.007061
1340 0.0106
1202 0.009532
1104 0.007141
1116 0.0101
1026 0.006536
1059 0.009483
1077 0.00817
1060 0.006469
1047 0.006955
978 0.006931
1138 0.007289
1046 0.00845
1120 0.007125
1074 0.009699
983 0.009272
936 0.005991
878 0.005984
823 0.005483
922 0.007701
858 0.006641
929 0.007987
879 0.007368
818 0.006014
759 0.00521
868 0.007641
835 0.00563
752 0.008293
710 0.004838
682 0.008114
744 0.005379
823 0.007846
774 0.008191
722 0.005272
673 0.007942
766 0.008122
692 0.005101
614 0.005957
535 0.004535
504 0.004251
615 0.008109
592 0.004747
701 0.005591
721 0.006772
687 0.004826
649 0.006322
626 0.004916
759 0.005955
696 0.006302
655 0.005319
638 0.007561
743 0.005485
716 0.00537
678 0.005259
656 0.006736
661 0.004747
659 0.006888
771 0.008083
668 0.005081
628 0.007635
660 0.007946
661 0.005131
630 0.006745
607 0.006835
601 0.004554
720 0.007581
778 0.008085
716 0.005705
677 0.007952
640 0.007153
587 0.004625
569 0.006133
577 0.00534
561 0.007562
693 0.007247
637 0.004059
630 0.005968
594 0.004863
586 0.006764
714 0.00762
685 0.004705
668 0.004908
644 0.005424
623 0.004809
562 0.006839
688 0.007072
665 0.004761
626 0.007072
647 0.007017
652 0.004475
669 0.006235
848 0.007549
858 0.005454
817 0.005076
794 0.007448
788 0.005238
787 0.005203
772 0.004805
766 0.005196
962 0.00656
896 0.005718
831 0.007788
1019 0.01168
1007 0.008345
955 0.006735
877 0.01008
745 0.005442
710 0.006436
855 0.006382
816 0.005509
843 0.008052
1030 0.00658
982 0.00618
926 0.00888
913 0.007648
938 0.005248
948 0.005735
959 0.00567
1118 0.006379
1273 0.007546
1152 0.006887
1127 0.008282
1232 0.00803
1124 0.007811
1081 0.00883
1045 0.00773
1006 0.005826
975 0.007441
1083 0.006907
923 0.006245
788 0.007636
880 0.006844
853 0.0064
771 0.008238
823 0.006413
857 0.006842
1018 0.00738
1047 0.009442
990 0.007356
851 0.008866
854 0.008761
747 0.0055
734 0.008157
691 0.007038
635 0.006584
744 0.005536
690 0.0076
800 0.006205
768 0.007669
774 0.006829
735 0.005157
841 0.007846
712 0.004878
707 0.004939
703 0.007602
691 0.005535
652 0.004358
707 0.006486
621 0.00639
526 0.004146
524 0.006243
544 0.004857
657 0.005132
635 0.007162
609 0.007434
622 0.008744
619 0.006329
735 0.007136
658 0.004324
703 0.006713
640 0.005061
581 0.004357
590 0.005848
586 0.004242
569 0.00655
590 0.005488
700 0.004943
677 0.006171
822 0.00898
802 0.005934
791 0.008775
791 0.00591
785 0.005209
917 0.00601
891 0.006358
891 0.00613
910 0.006254
873 0.01136
921 0.006384
928 0.005636
937 0.009012
1168 0.0106
1105 0.009648
1051 0.006045
1042 0.0092
1047 0.009077
940 0.005635
876 0.00647
880 0.004794
842 0.004845
751 0.005471
646 0.00499
618 0.004334
752 0.007108
760 0.005074
739 0.008958
863 0.006033
831 0.008107
892 0.006073
870 0.00804
1054 0.008968
1036 0.007557
906 0.006234
872 0.00621
978 0.009866
963 0.006611
850 0.006495
817 0.008895
730 0.007555
717 0.005353
691 0.007447
666 0.006279
795 0.005937
708 0.006724
632 0.004738
570 0.005924
551 0.006201
510 0.004176
454 0.007062
420 0.005587
423 0.003531
429 0.005598
529 0.00456
512 0.00621
485 0.005913
466 0.003688
570 0.007542
661 0.005535
648 0.005471
623 0.007644
606 0.006944
572 0.004513
576 0.007838
679 0.007837
658 0.005012
644 0.007156
683 0.00593
723 0.00546
740 0.006339
717 0.004682
683 0.004665
656 0.00664
627 0.004562
602 0.005908
568 0.006987
589 0.004199
641 0.00586
840 0.005496
808 0.005633
764 0.005072
765 0.005356
781 0.006902
744 0.004753
702 0.005945
694 0.006125
690 0.004776
691 0.007055
629 0.006258
737 0.005282
654 0.008342
624 0.005779
634 0.00484
818 0.007411
803 0.006143
799 0.008086
891 0.007521
875 0.005985
816 0.0083
781 0.006297
747 0.004818
762 0.007802
762 0.006808
750 0.005211
717 0.004753
657 0.006276
787 0.005507
717 0.007918
813 0.005952
830 0.007631
820 0.008148
852 0.005894
854 0.01085
804 0.007327
719 0.005362
655 0.01023
604 0.006376
614 0.004064
604 0.006117
586 0.005435
744 0.004892
722 0.004875
709 0.004821
677 0.005305
706 0.004511
854 0.006062
801 0.008214
777 0.006816
764 0.009477
785 0.008281
998 0.006644
982 0.01102
935 0.006309
894 0.006803
920 0.008218
893 0.005913
810 0.005195
755 0.0086
759 0.005251
728 0.004621
689 0.007015
643 0.004734
620 0.004719
683 0.005447
752 0.007707
971 0.007839
943 0.00591
886 0.00622
832 0.006335
820 0.009226
924 0.0101
874 0.006205
841 0.005889
828 0.009811
994 0.0106
984 0.01033
956 0.006601
1053 0.007572
927 0.006887
859 0.005923
887 0.01123
771 0.009469
764 0.0072
899 0.006244
903 0.007955
831 0.00702
782 0.005649
701 0.0066
649 0.005099
790 0.007391
743 0.005557
695 0.006291
650 0.004783
630 0.004507
706 0.006916
638 0.00472
568 0.004462
548 0.00683
641 0.004733
605 0.004709
555 0.006219
559 0.006712
593 0.006106
632 0.005841
587 0.004799
539 0.003794
533 0.007189
536 0.004563
570 0.006185
589 0.00486
644 0.004906
536 0.007083
493 0.003995
446 0.004122
421 0.007743
433 0.003903
434 0.004768
522 0.004821
467 0.003658
460 0.006937
531 0.004472
546 0.004214
542 0.004286
463 0.005488
433 0.003877
414 0.006869
421 0.003699
453 0.003934
503 0.006235
501 0.004075
616 0.005254
565 0.00466
460 0.006019
433 0.003822
432 0.004094
420 0.004753
395 0.003777
495 0.006364
483 0.006403
485 0.004375
443 0.004229
373 0.00622
473 0.004121
467 0.004512
452 0.006646
427 0.003943
381 0.006322
371 0.004507
472 0.007044
461 0.006109
447 0.003921
393 0.005723
356 0.00555
426 0.004195
420 0.004325
407 0.008786
400 0.003675
381 0.007146
363 0.0049
345 0.003527
421 0.008051
402 0.006043
365 0.003729
341 0.005092
313 0.00676
300 0.00715
310 0.00322
327 0.003631
337 0.003445
335 0.00312
342 0.005807
435 0.005659
430 0.003671
491 0.006096
467 0.005655
445 0.003981
414 0.005761
416 0.00577
407 0.003737
398 0.006255
379 0.004358
361 0.003454
337 0.003877
325 0.004528
405 0.007237
417 0.007116
488 0.005586
460 0.004187
393 0.005126
391 0.006032
499 0.005733
542 0.005041
494 0.003993
463 0.004146
464 0.005598
524 0.004909
487 0.005659
481 0.00496
611 0.004917
588 0.006632
524 0.006699
488 0.0042
475 0.005381
479 0.00446
443 0.00357
516 0.004525
482 0.007984
423 0.004207
406 0.005861
380 0.005083
360 0.003331
347 0.005206
416 0.006131
407 0.004023
376 0.003642
362 0.007004
323 0.003456
329 0.003561
413 0.004241
416 0.005529
460 0.004868
439 0.006037
444 0.004641
420 0.006685
510 0.005825
463 0.004378
455 0.006063
434 0.005281
506 0.004031
454 0.003542
403 0.003517
367 0.003888
354 0.006786
455 0.004032
462 0.006471
453 0.005483
418 0.003773
387 0.003757
385 0.006045
359 0.003471
426 0.006765
486 0.004615
470 0.006964
495 0.005266
532 0.004789
495 0.006515
471 0.005161
417 0.005661
388 0.004547
404 0.003994
396 0.006479
472 0.007186
524 0.004752
484 0.004408
434 0.005704
512 0.004086
472 0.00537
427 0.005157
392 0.003645
355 0.003412
324 0.003903
312 0.003123
342 0.005345
449 0.004015
474 0.004065
448 0.006296
442 0.003555
440 0.003434
570 0.00658
559 0.005917
544 0.004312
544 0.004505
579 0.005902
601 0.004218
714 0.005242
663 0.006728
575 0.00468
536 0.004242
522 0.006588
491 0.004122
459 0.006035
441 0.003987
431 0.004908
441 0.003384
517 0.004328
471 0.003997
438 0.006572
410 0.006377
412 0.003627
447 0.003824
485 0.003937
515 0.004243
625 0.004572
584 0.006107
505 0.004017
478 0.006037
575 0.00629
560 0.004721
566 0.006714
566 0.004958
532 0.004527
501 0.005434
461 0.003766
407 0.003671
382 0.003546
385 0.006572
525 0.004611
500 0.006774
470 0.006051
537 0.004996
493 0.006462
443 0.007037
438 0.006057
420 0.004106
460 0.00679
420 0.005973
426 0.00387
445 0.003745
446 0.00615
441 0.003864
448 0.00542
577 0.004604
560 0.00707
513 0.004344
606 0.004756
581 0.005835
566 0.00492
536 0.00762
525 0.006815
489 0.004563
444 0.007071
421 0.003763
428 0.007914
437 0.003974
453 0.004312
416 0.005629
389 0.00347
375 0.004767
453 0.00369
427 0.006797
515 0.006016
540 0.004709
533 0.006697
499 0.003839
474 0.003658
450 0.003662
456 0.003846
517 0.005985
456 0.004999
437 0.0041
441 0.00579
512 0.004453
468 0.004445
447 0.005388
457 0.004403
410 0.006041
357 0.004134
299 0.005427
303 0.003559
310 0.003461
313 0.005705
329 0.003255
337 0.003386
349 0.005594
346 0.003326
402 0.006827
372 0.00389
331 0.005767
344 0.005678
320 0.004338
384 0.005492
402 0.006608
463 0.004036
464 0.006974
480 0.006071
485 0.008043
435 0.007245
416 0.004086
488 0.004032
438 0.003766
392 0.005908
399 0.003804
411 0.005792
440 0.004675
460 0.004216
450 0.005086
443 0.0066
425 0.004108
427 0.005474
402 0.003931
395 0.003692
372 0.004054
351 0.004773
332 0.006372
425 0.006853
419 0.004079
436 0.005964
411 0.005996
406 0.004213
383 0.006199
484 0.003984
482 0.005895
479 0.004385
484 0.004077
479 0.006135
474 0.003909
474 0.004002
584 0.006914
540 0.004489
499 0.007155
508 0.005195
516 0.004367
478 0.003919
392 0.006789
385 0.003695
470 0.007886
467 0.007086
470 0.003982
516 0.006825
668 0.007768
636 0.00783
616 0.004703
624 0.006812
668 0.006084
638 0.006373
616 0.004043
790 0.007618
951 0.005446
1087 0.007685
1046 0.008821
965 0.007555
875 0.005473
1003 0.008365
996 0.007025
982 0.006557
943 0.007532
1056 0.006977
1006 0.009247
1153 0.01094
1137 0.007444
1077 0.01065
1050 0.006518
1196 0.007701
1145 0.00795
1064 0.006618
1006 0.005788
968 0.007584
934 0.008628
1089 0.006053
1189 0.007205
1238 0.008608
1230 0.01154
1196 0.008721
1170 0.007715
1165 0.01123
1153 0.008963
1088 0.008264
1203 0.008157
1139 0.008103
1098 0.007494
1047 0.0081
1042 0.006757
1025 0.006228
1009 0.007002
1021 0.008011
1001 0.006356
973 0.005966
920 0.008987
851 0.00521
1036 0.006039
1171 0.00801
1135 0.01065
1161 0.01011
1091 0.007449
1043 0.006974
968 0.006504
908 0.00656
949 0.006187
808 0.005147
738 0.00733
861 0.005679
997 0.006697
1034 0.009533
899 0.008477
844 0.005612
849 0.008028
1004 0.008544
941 0.006069
794 0.007596
894 0.007542
777 0.006143
723 0.007404
797 0.005398
742 0.007756
718 0.005783
727 0.005418
728 0.006799
879 0.006494
1011 0.009371
999 0.008054
961 0.007102
916 0.008796
833 0.00679
797 0.006506
932 0.008367
888 0.006576
840 0.005664
811 0.007042
957 0.006053
888 0.006005
831 0.005808
782 0.005264
780 0.005951
957 0.007826
975 0.006242
939 0.008244
870 0.008628
817 0.005858
788 0.007034
982 0.008087
889 0.006241
842 0.005442
775 0.007484
770 0.007487
698 0.00526
694 0.004838
870 0.009108
834 0.006032
771 0.007229
742 0.005397
702 0.005205
682 0.006469
682 0.007194
825 0.007854
795 0.006201
781 0.005384
772 0.007419
972 0.006678
931 0.006541
909 0.007373
895 0.005885
850 0.005458
833 0.006293
866 0.005292
881 0.007274
866 0.007646
832 0.004681
997 0.007892
906 0.00722
802 0.007284
725 0.005017
672 0.004409
648 0.004639
619 0.004128
580 0.004967
726 0.005238
642 0.005041
606 0.007545
748 0.008458
709 0.005533
