0.003359
0.01952
0.003168
0.03105
0.02948
0.03073
0.03616
0.02359
0.02089
0.03435
0.03789
0.03424
0.02965
0.02267
0.03523
0.01687
0.01641
0.03432
0.02753
0.03559
0.02375
0.02195
0.0208
0.03776
0.03301
0.02622
0.01623
0.03252
0.0333
0.03132
0.03288
0.03836
0.03403
0.02776
0.01806
0.03733
0.03357
0.01824
0.03028
0.0348
0.03338
0.0162
0.03475
0.01978
0.02732
0.018
0.01969
0.01628
0.02932
0.02513
0.0298
0.01636
0.03115
0.03788
0.03329
0.01743
0.03353
0.0192
0.03234
0.01984
0.02053
0.03588
0.03453
0.01666
0.02915
0.03744
0.02977
0.003865
0.02823
0.01419
0.02009
0.01222
0.02808
0.01165
0.01818
0.003605
0.03366
0.01351
0.0175
0.02289
0.03253
0.007017
0.01902
0.0147
0.02968
0.01593
0.03613
0.003757
0.04329
0.003704
0.029
0.005789
0.02641
0.01458
0.01805
0.02521
0.03354
0.003521
0.04002
0.01374
0.01835
0.04277
0.03608
0.03104
0.00392
0.02997
0.0144
0.02154
0.01188
0.03248
0.007963
0.02482
0.003861
0.01568
0.007835
0.0349
0.0284
0.03292
0.03791
0.01892
0.003878
0.02626
0.01315
0.01711
0.004316
0.03497
0.003365
0.01531
0.01247
0.03065
0.007838
0.02584
0.03041
0.01172
0.01607
0.00653
0.01771
0.003437
0.02691
0.007179
0.0173
0.01451
0.03233
0.003413
0.02832
0.01408
0.02037
0.004598
0.03562
0.003412
0.01706
0.028
0.03205
0.03573
0.01833
0.03604
0.03537
0.02058
0.02205
0.03274
0.03337
0.02087
0.01801
0.03474
0.01491
0.02533
0.03921
0.01345
0.01853
0.009183
0.035
0.01411
0.01557
0.02339
0.03207
0.003967
0.02488
0.0141
0.01513
0.00494
0.02594
0.01208
0.01948
0.01573
0.03221
0.01497
0.01932
0.00576
0.02497
0.01084
0.01709
0.02486
0.02235
0.01588
0.0326
0.02712
0.01808
0.03727
0.02173
0.01738
0.03685
0.03264
0.02466
0.02315
0.03655
0.03316
0.02247
0.02245
0.003707
0.03199
0.003571
0.02723
0.03377
0.004893
0.01887
0.01441
0.02499
0.01872
0.01979
0.01687
0.01422
0.02706
0.003536
0.01732
0.02766
0.03201
0.02216
0.01864
0.03887
0.01
0.01645
0.01697
0.03068
0.003849
0.01497
0.03705
0.003522
0.01556
0.01934
0.01579
0.02362
0.01532
0.0103
0.03462
0.01324
0.01766
0.02581
0.01088
0.01621
0.02677
0.03384
0.02093
0.01729
0.02693
0.01569
0.03475
0.02237
0.007185
0.03437
0.02174
0.01838
0.03255
0.03327
0.03276
0.003712
0.03413
0.01368
0.01886
0.003484
0.03445
0.01335
0.0159
0.01853
0.03106
0.01609
0.03693
0.033
0.02466
0.004489
0.03842
0.003433
0.02393
0.0035
0.04123
0.01512
0.01867
0.01226
0.03445
0.01823
0.01832
0.03203
0.03692
0.03185
0.01641
0.03309
0.03094
0.0293
0.01989
0.02823
0.0331
0.02814
0.03755
0.03176
0.01751
0.0275
0.03253
0.004475
0.01903
0.02995
0.03
0.0171
0.02995
0.02221
0.03459
0.01886
0.03727
0.03263
0.01072
0.01746
0.02943
0.02398
0.02964
0.0196
0.04128
0.03523
0.02713
0.01901
0.01903
0.02421
0.02752
0.03551
0.03167
0.01494
0.04319
0.02816
0.01782
0.0176
0.03395
0.02552
0.01639
0.02786
0.02299
0.01553
0.01588
0.03389
0.03126
0.00347
0.01637
0.008737
0.03435
0.01468
0.01516
0.009858
0.03645
0.003845
0.01843
0.005963
0.02382
0.004675
0.04092
0.006383
0.01995
0.0278
0.02765
0.01831
0.008846
0.03753
0.003712
0.01646
0.03487
0.03399
0.01788
0.01743
0.02122
0.02999
0.03105
0.003528
0.04455
0.01381
0.0177
0.02429
0.03986
0.03475
0.02108
0.02809
0.02463
0.01767
0.00371
0.01881
0.01464
0.02538
0.003373
0.03025
0.01317
0.02404
0.004416
0.04627
0.01357
0.018
0.01303
0.0356
0.00694
0.03488
0.02283
0.01542
0.03636
0.01925
0.008729
0.03378
0.01528
0.02
0.01547
0.01893
0.03345
0.04204
0.02162
0.004065
0.03122
0.03721
0.007578
0.0163
0.02179
0.02579
0.004086
0.023
0.01411
0.03377
0.01964
0.01561
0.01752
0.003446
0.01755
0.01433
0.02307
0.004217
0.03817
0.01507
0.03397
0.01474
0.01923
0.009084
0.03638
0.0292
0.00342
0.03006
0.01745
0.02924
0.02697
0.03608
0.02706
0.003524
0.03334
0.03621
0.03327
0.003929
0.03721
0.03456
0.0222
0.01818
0.03523
0.003574
0.0231
0.003331
0.02535
0.02349
0.003279
0.03193
0.03212
0.01786
0.01852
0.04547
0.03266
0.01989
0.0426
0.02054
0.004048
0.02055
0.01337
0.02449
0.0163
0.03561
0.0329
0.004722
0.02021
0.03741
0.01365
0.01645
0.01359
0.02047
0.01607
0.005164
0.01728
0.02283
0.03567
0.01383
0.01644
0.02043
0.03203
0.01941
0.004003
0.03487
0.01372
0.016
0.01993
0.01784
0.005058
0.0327
0.01389
0.01585
0.009959
0.03914
0.01116
0.003352
0.0117
0.0337
0.004298
0.003827
0.0369
0.003472
0.01053
0.02526
0.009685
0.003177
0.03367
0.0145
0.004112
0.006576
0.01131
0.02647
0.003374
0.02957
0.01097
0.002949
0.005921
0.002952
0.005393
0.002818
0.02977
0.009282
0.003071
0.005325
0.01035
0.003866
0.002676
0.01044
0.01062
0.004361
0.005176
0.01166
0.002962
0.005272
0.009258
0.002977
0.02762
0.0136
0.003241
0.003909
0.0046
0.02271
0.003291
0.01367
0.02794
0.007374
0.003986
0.02206
0.00563
0.02034
0.007452
0.035
0.004395
0.0174
0.007543
0.02172
0.005664
0.03216
0.004131
0.03989
0.02502
0.007037
0.02048
0.037
0.03278
0.02261
0.02027
0.03368
0.03473
0.01807
0.03065
0.03789
0.003639
0.03958
0.0143
0.01737
0.01626
0.01903
0.003389
0.01811
0.01412
0.0274
0.01807
0.0478
0.01991
0.04363
0.03553
0.02715
0.01835
0.03709
0.03549
0.003796
0.01681
0.0148
0.03334
0.004722
0.01576
0.03674
0.02979
0.023
0.02284
0.03476
0.03079
0.01737
0.03895
0.03326
0.01842
0.01772
0.03586
0.03004
0.01718
0.03059
0.01812
0.03639
0.03112
0.02538
0.01789
0.03488
0.03291
0.004747
0.01833
0.01931
0.03303
0.03274
0.0175
0.04457
0.03259
0.01669
0.01743
0.03322
0.03165
0.01994
0.0184
0.03558
0.02808
0.01663
0.01702
0.01917
0.0234
0.01616
0.0246
0.03549
0.02837
0.01775
0.03514
0.02736
0.01735
0.03206
0.03178
0.0271
0.01624
0.01854
0.03163
0.02336
0.01581
0.03785
0.03331
0.01978
0.02595
0.03152
0.02812
0.01613
0.03628
0.03296
0.02014
0.01809
0.008994
0.01699
0.03968
0.014
0.01804
0.03307
0.02488
0.004833
0.02035
0.03933
0.02446
0.02036
0.03721
0.02455
0.01881
0.004636
0.04302
0.01252
0.02117
0.02392
0.03527
0.02006
0.008953
0.03461
0.01363
0.01914
0.0152
0.009246
0.01906
0.005133
0.01136
0.02128
0.005783
0.0134
0.0251
0.003802
0.04123
0.005486
0.02129
0.02495
0.03771
0.003554
0.02012
0.00573
0.01955
0.003603
0.02334
0.01528
0.03562
0.007872
0.03767
0.01402
0.01791
0.0402
0.005255
0.02165
0.03697
0.02245
0.03712
0.02144
0.02254
0.006908
0.03774
0.008186
0.0169
0.02419
0.0334
0.004146
0.02218
0.01404
0.03324
0.003942
0.03766
0.03281
0.01991
0.02722
0.02696
0.03336
0.01703
0.03683
0.01431
0.01689
0.01388
0.01621
0.03181
0.03312
0.01756
0.0378
0.02856
0.01758
0.02085
0.03542
0.03271
0.01771
0.03733
0.03129
0.01717
0.02396
0.02035
0.01978
0.003617
0.03306
0.013
0.01485
0.01667
0.01049
0.01586
0.03875
0.03206
0.02062
0.03158
0.0219
0.0186
0.03424
0.03015
0.01793
0.01632
0.03249
0.01844
0.01605
0.03935
0.03165
0.01856
0.01856
0.02871
0.02969
0.01778
0.00662
0.03394
0.03117
0.01606
0.02216
0.01586
0.03307
0.004224
0.02339
0.003578
0.03287
0.0159
0.02363
0.00544
0.03716
0.003834
0.03539
0.01487
0.01995
0.0225
0.03624
0.003801
0.01986
0.02584
0.03663
0.006029
0.02821
0.01432
0.02437
0.004079
0.03833
0.01385
0.02097
0.006663
0.01946
0.004449
0.01933
0.01321
0.02326
0.02151
0.04045
0.03308
0.01916
0.02408
0.01489
0.03224
0.01808
0.009429
0.03055
0.02001
0.03874
0.008781
0.0248
0.003898
0.05258
0.02344
0.02055
0.02953
0.04323
0.03408
0.02186
0.02512
0.0358
0.0223
0.03707
0.01782
0.02012
0.04621
0.03116
0.01881
0.02687
0.03427
0.0319
0.01688
0.03269
0.01617
0.01802
0.03251
0.01715
0.01587
0.03509
0.01565
0.0174
0.03271
0.03289
0.003354
0.01778
0.03457
0.03097
0.01737
0.03412
0.02146
0.0353
0.03237
0.01909
0.01647
0.02499
0.0249
0.01653
0.03565
0.03278
0.02195
0.03626
0.0325
0.02103
0.02301
0.03706
0.0291
0.01814
0.0359
0.01508
0.01623
0.02
0.03057
0.005707
0.02117
0.0134
0.02066
0.006015
0.02532
0.004051
0.02609
0.01331
0.01955
0.02693
0.0207
0.003313
0.0357
0.01449
0.01965
0.0265
0.03608
0.01919
0.02892
0.03208
0.03088
0.01988
0.0366
0.02932
0.01966
0.03019
0.02043
0.01969
0.04621
0.0148
0.02091
0.01482
0.0167
0.01438
0.01878
0.003361
0.03469
0.01346
0.01742
0.03556
0.006497
0.02564
0.005102
0.03175
0.003305
0.0168
0.01473
0.03272
0.003199
0.03285
0.02367
0.01691
0.03438
0.03247
0.01531
0.01593
0.01558
0.02717
0.0306
0.004268
0.01547
0.01301
0.02028
0.01899
0.03563
0.02717
0.01671
0.04359
0.03261
0.01776
0.01963
0.01363
0.02146
0.01641
0.01316
0.0282
0.01709
0.04577
0.03442
0.02236
0.02298
0.03755
0.03387
0.01965
0.0277
0.02848
0.02189
0.03643
0.03385
0.01817
0.03692
0.02064
0.01811
0.02811
0.03347
0.0202
0.02161
0.01425
0.01692
0.003227
0.01665
0.01638
0.02971
0.03468
0.02014
0.022
0.03618
0.03266
0.01742
0.03957
0.02235
0.01675
0.02889
0.01752
0.02123
0.03242
0.01612
0.03687
0.03482
0.02087
0.02205
0.03541
0.02473
0.01795
0.03116
0.03077
0.02048
0.01999
0.03534
0.01755
0.01703
0.03957
0.02204
0.01717
0.03571
0.03254
0.01787
0.03354
0.03238
0.02502
0.03701
0.03047
0.01703
0.01885
0.01679
0.01653
0.03383
0.02745
0.01893
0.03965
0.02203
0.01728
0.03328
0.02725
0.01875
0.03947
0.03468
0.01775
0.01263
0.02299
0.003393
0.03024
0.01078
0.01569
0.01907
0.03195
0.003315
0.03201
0.02051
0.01413
0.03051
0.003566
0.03799
0.003487
0.01803
0.02263
0.03404
0.007114
0.02081
0.01503
0.02993
0.007207
0.005498
0.02974
0.003955
0.04113
0.01255
0.01831
0.0228
0.02077
0.005548
0.01973
0.0145
0.03287
0.005133
0.03914
0.003437
0.03497
0.003455
0.02034
0.006771
0.03675
0.003533
0.02036
0.02362
0.02153
0.04164
0.02421
0.05276
0.03313
0.003719
0.04994
0.006223
0.02305
0.01481
0.02713
0.0208
0.02184
0.003498
0.02031
0.03104
0.03255
0.03093
0.03506
0.003475
0.02493
0.0143
0.02212
0.00962
0.03684
0.03669
0.01913
0.01511
0.01984
0.003472
0.03148
0.01291
0.01558
0.03324
0.01743
0.003362
0.03384
0.01461
0.01691
0.01818
0.03252
0.02293
0.02376
0.01993
0.01859
0.0364
0.02502
0.02575
0.01591
0.01922
0.03587
0.03492
0.01959
0.03856
0.03273
0.01794
0.0146
0.02897
0.00407
0.04857
0.00765
0.01783
0.01522
0.03478
0.003394
0.03463
0.01352
0.01951
0.03379
0.02439
0.003556
0.02473
0.003359
0.04028
0.01483
0.02049
0.0151
0.03622
0.003518
0.03622
0.005929
0.04231
0.004286
0.02028
0.01551
0.02393
0.01096
0.02094
0.003846
0.02086
0.01432
0.03548
0.02174
0.03886
0.02604
0.02132
0.03538
0.04321
0.0363
0.02162
0.04189
0.02463
0.02079
0.04284
0.03624
0.02189
0.02961
0.01614
0.02118
0.00382
0.05112
0.01574
0.02003
0.02841
0.03882
0.008777
0.04017
0.004493
0.02249
0.03557
0.0386
0.003829
0.0337
0.01502
0.02844
0.03099
0.03807
0.003813
0.05193
0.03242
0.003502
0.02668
0.003649
0.02744
0.02029
0.03446
0.03674
0.005849
0.02138
0.01528
0.03313
0.01044
0.03847
0.01346
0.01888
0.01444
0.03095
0.003389
0.03282
0.00395
0.01601
0.0363
0.003659
0.02521
0.01407
0.02967
0.003388
0.04478
0.003528
0.02854
0.01353
0.02448
0.01752
0.02876
0.03222
0.01888
0.005428
0.03505
0.03179
0.01926
0.05053
0.03104
0.01887
0.01833
0.03428
0.01397
0.01762
0.02004
0.03377
0.01843
0.02179
0.03508
0.01844
0.03505
0.03178
0.01615
0.03513
0.03492
0.01955
0.03337
0.02473
0.003433
0.02937
0.0419
0.03035
0.02275
0.03843
0.02188
0.01892
0.04599
0.02126
0.01855
0.005811
0.03657
0.0136
0.01608
0.01909
0.02453
0.02967
0.02612
0.03981
0.03359
0.003423
0.02188
0.01393
0.03613
0.02247
0.03939
0.02874
0.003752
0.03523
0.01865
0.009663
0.02022
0.01445
0.02463
0.005522
0.03843
0.01073
0.02051
0.01961
0.03535
0.01017
0.02468
0.003958
0.003344
0.03765
0.01277
0.003208
0.04802
0.01371
0.003178
0.04245
0.0118
0.003042
0.04892
0.01405
0.003217
0.03328
0.03975
0.004523
0.004307
0.005151
0.03013
0.01912
0.01117
0.002888
0.03423
0.0139
0.003282
0.02186
0.01305
0.00304
0.02891
0.00586
0.02316
0.003732
0.0433
0.01435
0.02422
0.01563
0.0298
0.003595
0.03895
0.003821
0.01967
0.01403
0.02789
0.03076
0.04568
0.02343
0.02181
0.03392
0.03116
0.003636
0.03608
0.01424
0.02034
0.01391
0.01942
0.0151
0.02823
0.008168
0.03407
0.003284
0.01738
0.02758
0.03363
0.008476
0.02236
0.03964
0.03144
0.02686
0.04112
0.02805
0.01991
0.03412
0.02113
0.02002
0.03926
0.01862
0.01942
0.03502
0.03181
0.01759
0.03437
0.02209
0.01859
0.03942
0.03354
0.02143
0.03854
0.02762
0.01762
0.01737
0.01873
0.01813
0.05283
0.03338
0.0278
0.02616
0.007891
0.01826
0.03342
0.03119
0.01774
0.05147
0.03251
0.01843
0.03246
0.01753
0.01638
0.04393
0.03218
0.01991
0.03633
0.03164
0.01772
0.04759
0.02766
0.01858
0.04381
0.03257
0.02282
0.01843
0.02649
0.01262
0.01546
0.03643
0.03149
0.02196
0.02367
0.03336
0.02702
0.0191
0.03523
0.03409
0.02031
0.03027
0.03189
0.02273
0.01875
0.02849
0.01792
0.03471
0.03208
0.01751
0.03329
0.03102
0.0164
0.03852
0.03266
0.01937
0.03558
0.02069
0.02403
0.03733
0.0349
0.02572
0.0318
0.01385
0.0202
0.02845
0.04283
0.009958
0.02183
0.01391
0.02827
0.004979
0.01824
0.003195
0.03934
0.01305
0.01826
0.01359
0.03626
0.003253
0.04059
0.01393
0.02018
0.02196
0.02751
0.004838
0.01964
0.003257
0.03157
0.003304
0.04374
0.01387
0.01953
0.0451
0.04032
0.02992
0.03665
0.03988
0.05641
0.03201
0.02393
0.02287
0.02421
0.05552
0.03675
0.02285
0.0401
0.03276
0.0208
0.03272
0.005205
0.01906
0.01363
0.0296
0.0181
0.0146
0.02453
0.01777
0.03532
0.02603
0.01798
0.04419
0.01459
0.01972
0.01584
0.03456
0.003645
0.03448
0.003546
0.05176
0.01325
0.01779
0.007319
0.04053
0.01037
0.01975
0.01534
0.03531
0.01912
0.05151
0.03929
0.02336
0.0382
0.04572
0.03512
0.02193
0.03658
0.01937
0.02147
0.04163
0.03446
0.01867
0.03976
0.01262
0.03364
0.01399
0.02074
0.01383
0.02864
0.01978
0.0156
0.02303
0.00435
0.02041
0.01444
0.02672
0.021
0.03913
0.02784
0.02084
0.04349
0.02174
0.01924
0.03564
0.03388
0.02479
0.02444
0.01772
0.03227
0.01963
0.05423
0.01918
0.05281
0.03307
0.01912
0.03631
0.0317
0.03581
0.01977
0.03935
0.03391
0.02298
0.03825
0.005055
0.01879
0.03721
0.01442
0.01909
0.03902
0.007498
0.01741
0.03744
0.03462
0.01853
0.02327
0.03982
0.003616
0.02034
0.05379
0.02137
0.04827
0.03758
0.02374
0.02201
0.03851
0.02966
0.02148
0.03974
0.02953
0.02468
0.02595
0.01938
0.03486
0.003548
0.03849
0.013
0.01765
0.01373
0.02415
0.003352
0.05244
0.01319
0.01903
0.01424
0.03243
0.003458
0.0319
0.003634
0.04785
0.01365
0.02143
0.01049
0.02576
0.009267
0.02186
0.03428
0.03876
0.00336
0.03762
0.005612
0.02008
0.0245
0.00415
0.02181
0.02137
0.03774
0.03558
0.01919
0.03964
0.0279
0.01999
0.03799
0.006402
0.01896
0.01193
0.01748
0.03401
0.003451
0.01859
0.05302
0.004985
0.01865
0.01362
0.02989
0.02021
0.03437
0.03662
0.02015
0.02142
0.03782
0.01857
0.01909
0.04104
0.03365
0.02086
0.02738
0.03305
0.02574
0.02351
0.04113
0.02864
0.01972
0.02642
0.02367
0.01083
0.02036
0.02001
0.03359
0.01503
0.02031
0.03401
0.03844
0.003681
0.04644
0.03118
0.0227
0.01419
0.02645
0.006047
0.03481
0.01478
0.03216
0.01295
0.01899
0.03744
0.03411
0.01428
0.02644
0.01381
0.02216
0.01422
0.03835
0.01409
0.02194
0.003547
0.02151
0.04337
0.03686
0.02402
0.03606
0.03457
0.01976
0.0478
0.03315
0.02191
0.04228
0.03354
0.02171
0.03942
0.03556
0.02038
0.02515
0.03942
0.03572
0.0208
0.03951
0.01992
0.02908
0.03886
0.03484
0.02002
0.02357
0.03513
0.03213
0.0184
0.02227
0.03413
0.0267
0.0173
0.04525
0.01326
0.01634
0.01223
0.02759
0.01687
0.03619
0.02748
0.01751
0.0241
0.0097
0.01687
0.01808
0.03474
0.023
0.04573
0.02123
0.01851
0.03987
0.03459
0.02764
0.03105
0.04355
0.02691
0.01754
0.02603
0.0237
0.003608
0.05168
0.03432
0.01963
0.03767
0.02443
0.02029
0.04224
0.03401
0.02
0.04038
0.03641
0.02364
0.02602
0.01919
0.01995
0.03773
0.04422
0.02784
0.02127
0.03784
0.03389
0.0183
0.04112
0.03524
0.02388
0.02733
0.03709
0.02467
0.01848
0.0395
0.03175
0.0222
0.032
0.03148
0.02477
0.0196
0.0335
0.02807
0.01604
0.04702
0.01311
0.01555
0.006927
0.01612
0.0215
0.0307
0.004297
0.0179
0.02682
0.03118
0.02354
0.0341
0.02491
0.01612
0.03418
0.03156
0.01569
0.003739
0.02656
0.01618
0.03922
0.009574
0.02318
0.03722
0.01382
0.01654
0.01347
0.02021
0.01343
0.01869
0.02104
0.02247
0.003497
0.03611
0.01285
0.0196
0.008956
0.01169
0.02562
0.01022
0.0108
0.02299
0.0239
0.01201
0.01957
0.0171
0.003221
0.02443
0.01532
0.02805
0.005294
0.03526
0.0101
0.01925
0.03834
0.03559
0.00389
0.03415
0.004375
0.0324
0.01533
0.01845
0.0208
0.03458
0.007784
0.02489
0.004132
0.02965
0.003871
0.04931
0.01035
0.01965
0.03791
0.03478
0.004255
0.03939
0.01354
0.04482
0.03532
0.02069
0.04333
0.0365
0.02347
0.034
0.02325
0.03609
0.03541
0.03584
0.02874
0.02698
0.02701
0.01956
0.02
0.02983
0.01892
0.04726
0.03275
0.01959
0.03519
0.03399
0.0177
0.05037
0.03325
0.01829
0.04113
0.032
0.01988
0.03044
0.02429
0.02352
0.02062
0.02898
0.02431
0.0346
0.0245
0.0355
0.03307
0.0193
0.02334
0.03257
0.003707
0.01699
0.02498
0.003682
0.0337
0.03129
0.01703
0.03707
0.02369
0.01874
0.03708
0.02273
0.03529
0.03371
0.02087
0.04126
0.01972
0.02079
0.03441
0.01935
0.03436
0.006506
0.02023
0.03601
0.02962
0.005349
0.03905
0.0312
0.01908
0.04006
0.02253
0.02375
0.0403
0.03517
0.02133
0.0288
0.03437
0.02628
0.02099
0.04227
0.02905
0.01933
0.03863
0.02969
0.01918
0.01929
0.01865
0.03427
0.03519
0.02117
0.03342
0.03435
0.02718
0.0193
0.03642
0.01876
0.01788
0.03477
0.02854
0.02002
0.02162
0.03073
0.01954
0.03374
0.03404
0.02073
0.03623
0.03824
0.02194
0.04388
0.01372
0.02026
0.009083
0.02002
0.01816
0.01939
0.01039
0.02406
0.01503
0.02631
0.006455
0.0203
0.008486
0.02492
0.01536
0.02353
0.009331
0.0403
0.003648
0.02087
0.003725
0.03691
0.006666
0.02672
0.0148
0.02152
0.01493
0.02401
0.003706
0.05269
0.003759
0.03374
0.0145
0.02027
0.02471
0.03643
0.03849
0.02224
0.0412
0.0249
0.02322
0.03283
0.03109
0.02175
0.02267
0.03876
0.0282
0.02703
0.04323
0.02789
0.02345
0.05009
0.03573
0.02171
0.03389
0.03545
0.03072
0.03921
0.02109
0.0183
0.04397
0.03561
0.004208
0.0387
0.02378
0.02183
0.02203
0.02948
0.02347
0.02115
0.03013
0.03017
0.02065
0.02983
0.04447
0.03023
0.02182
0.04046
0.02862
0.02164
0.02776
0.03524
0.02356
0.02628
0.02728
0.03
0.04413
0.02584
0.02088
0.03806
0.03261
0.02122
0.02886
0.03954
0.01984
0.01972
0.04659
0.02948
0.02146
0.05383
0.02845
0.01939
0.0349
0.03232
0.003467
0.03407
0.02665
0.003519
0.04069
0.0218
0.02073
0.02692
0.02235
0.0127
0.04282
0.005715
0.02168
0.05997
0.03137
0.02294
0.04076
0.02509
0.02182
0.02237
0.02117
0.02136
0.03942
0.03362
0.0201
0.05375
0.02269
0.0201
0.03547
0.02028
0.04037
0.03478
0.02034
0.03029
0.04638
0.003579
0.03807
0.01538
0.02104
0.03537
0.03594
0.003529
0.05241
0.01285
0.02012
0.03198
0.01302
0.02309
0.02208
0.003143
0.02413
0.007701
0.01228
0.0384
0.003794
0.003973
0.01228
0.02306
0.01195
0.01237
0.00307
0.04225
0.01616
0.004704
0.003339
0.03826
0.003719
0.03639
0.003209
0.02482
0.02631
0.01299
0.02481
0.01803
0.005571
0.02918
0.01382
0.05115
0.003666
0.02298
0.03871
0.02897
0.003623
0.0458
0.008773
0.03665
0.03445
0.02222
0.03008
0.03227
0.03036
0.04163
0.00361
0.02286
0.003412
0.0217
0.02139
0.03637
0.00456
0.02126
0.03891
0.009947
0.02008
0.03636
0.009991
0.02531
0.01386
0.02287
0.007303
0.01958
0.02875
0.004456
0.02136
0.02444
0.02111
0.04297
0.02849
0.02066
0.02692
0.03588
0.04088
0.007579
0.02342
0.01835
0.03228
0.02137
0.03915
0.006927
0.02
0.01493
0.02229
0.01425
0.02756
0.00419
0.0382
0.01404
0.02034
0.0147
0.02006
0.003355
0.03477
0.007559
0.02669
0.01466
0.02067
0.01507
0.02126
0.02081
0.03616
0.003337
0.03704
0.01442
0.01923
0.00363
0.03523
0.02936
0.006552
0.02416
0.009431
0.02717
0.04228
0.009835
0.03239
0.01457
0.0252
0.004264
0.04451
0.008072
0.02016
0.03408
0.03257
0.02175
0.01509
0.02278
0.01604
0.02235
0.02614
0.02129
0.04177
0.03611
0.02598
0.04451
0.02238
0.003572
0.03152
0.02711
0.01849
0.03481
0.03487
0.01988
0.03899
0.02892
0.01457
0.03411
0.02661
0.023
0.04093
0.02929
0.01843
0.02562
0.01955
0.03936
0.03134
0.02273
0.04085
0.02664
0.0259
0.02723
0.0305
0.02087
0.04148
0.03014
0.0222
0.02791
0.03741
0.02026
0.0465
0.03447
0.03984
0.03561
0.02214
0.02475
0.01423
0.02168
0.008723
0.03708
0.01261
0.03071
0.01461
0.02109
0.02586
0.04122
0.003694
0.02377
0.04072
0.04378
0.01249
0.04335
0.003736
0.04828
0.01396
0.02724
0.005057
0.0374
0.04355
0.04088
0.02514
0.05354
0.03761
0.02408
0.03267
0.04482
0.0354
0.02293
0.03937
0.02627
0.03605
0.0253
0.04174
0.02411
0.04395
0.03237
0.03114
0.003878
0.02781
0.01412
0.02171
0.0168
0.03903
0.0061
0.02237
0.03744
0.02356
0.003547
0.05237
0.014
0.02168
0.02579
0.04206
0.03752
0.02436
0.03821
0.02369
0.02291
0.01341
0.02237
0.02319
0.03843
0.02718
0.03595
0.02258
0.01486
0.03236
0.02039
0.04926
0.03433
0.02322
0.01301
0.04387
0.02943
0.0199
0.01523
0.02076
0.004212
0.03945
0.01136
0.02827
0.03814
0.03311
0.02082
0.03734
0.01963
0.05255
0.03551
0.02107
0.05177
0.02363
0.02045
0.03981
0.03526
0.02514
0.02157
0.03933
0.02479
0.01927
0.04353
0.03613
0.02294
0.02372
0.04899
0.03762
0.03381
0.03577
0.04011
0.0239
0.05054
0.03553
0.04043
0.03347
0.02177
0.03928
0.03361
0.02031
0.05066
0.03045
0.02059
0.02193
0.03814
0.02992
0.02104
0.05129
0.03663
0.02484
0.03506
0.04236
0.02898
0.02227
0.04586
0.03201
0.02842
0.0249
0.02223
0.02133
0.02138
0.03668
0.02829
0.04051
0.03079
0.02238
0.04816
0.03818
0.02627
0.04002
0.03729
0.02688
0.02541
0.03439
0.03321
0.03734
0.04204
0.02806
0.04646
0.04006
0.02487
0.05548
0.03582
0.02222
0.04749
0.03771
0.02409
0.03554
0.02377
0.02861
0.04059
0.03831
0.02439
0.0423
0.03812
0.02307
0.04721
0.03724
0.004079
0.0224
0.03968
0.01298
0.02077
0.003923
0.02329
0.01016
0.04326
0.0124
0.0255
0.01671
0.03654
0.003911
0.03944
0.01408
0.02509
0.04347
0.02472
0.03189
0.02941
0.02909
0.05175
0.03661
0.0243
0.05106
0.03642
0.02509
0.04188
0.03908
0.02578
0.03202
0.04403
0.03211
0.02364
0.0325
0.023
0.02246
0.05227
0.03813
0.02274
0.05925
0.02413
0.0218
0.03654
0.02248
0.04231
0.03281
0.02291
0.02312
0.03574
0.02399
0.0333
0.02419
0.02742
0.02496
0.04258
0.03191
0.02055
0.03607
0.03718
0.02143
0.04365
0.03355
0.0215
0.03797
0.03726
0.02271
0.03308
0.04781
0.02874
0.0357
0.02153
0.03303
0.0342
0.0229
0.02147
0.04199
0.003498
0.01963
0.04026
0.03221
0.0232
0.04169
0.03474
0.03035
0.01506
0.02222
0.03383
0.01553
0.0208
0.01908
0.05577
0.004046
0.02305
0.00366
0.03512
0.004739
0.04431
0.008057
0.0248
0.003708
0.0367
0.05122
0.01124
0.03104
0.01715
0.02519
0.003704
0.04656
0.03698
0.03095
0.05036
0.03019
0.02446
0.04838
0.03443
0.003922
0.02873
0.04461
0.009265
0.02473
0.03725
0.02481
0.003762
0.04168
0.00388
0.03226
0.01518
0.02641
0.003791
0.03519
0.03871
0.003926
0.05645
0.03364
0.004237
0.02424
0.02466
0.0125
0.0433
0.02526
0.04087
0.01247
0.0231
0.01559
0.024
0.04209
0.03682
0.02141
0.05758
0.03063
0.02268
0.02135
0.0216
0.03739
0.03593
0.02195
0.05696
0.02808
0.02017
0.05551
0.0325
0.02074
0.05024
0.03539
0.04356
0.02062
0.01978
0.02771
0.02653
0.02197
0.0368
0.02417
0.02484
0.03865
0.0274
0.02895
0.04737
0.03069
0.02841
0.02544
0.02417
0.0484
0.03542
0.02221
0.04001
0.03469
0.02601
0.05921
0.03146
0.04064
0.0321
0.02188
0.04555
0.03329
0.02824
0.02252
0.02267
0.024
0.04261
0.03157
0.02661
0.03594
0.02748
0.03252
0.05029
0.02579
0.02257
0.02073
0.03643
0.02247
0.02992
0.04329
0.03631
0.02303
0.03795
0.03638
0.01959
0.03565
0.0355
0.02643
0.03389
0.04895
0.0335
0.02854
0.02367
0.02223
0.03889
0.03935
0.02895
0.03454
0.01455
0.02201
0.05695
0.03071
0.0238
0.03038
0.03314
0.04324
0.03293
0.02263
0.05368
0.03938
0.02177
0.03785
0.03407
0.003696
0.05021
0.0135
0.01993
0.04079
0.03524
0.02362
0.06461
0.03231
0.00373
0.04155
0.009366
0.02585
0.01465
0.02705
0.01241
0.0236
0.005235
0.04058
0.003766
0.02973
0.01452
0.0263
0.05343
0.003962
0.03692
0.015
0.0235
0.02254
0.03855
0.003452
0.02447
0.01425
0.02633
0.02025
0.02318
0.003487
0.03268
0.01348
0.02398
0.02629
0.02404
0.02627
0.04926
0.03078
0.02787
0.04444
0.03007
0.02523
0.0456
0.0069
0.044
0.03792
0.004867
0.02048
0.01383
0.02396
0.003405
0.03772
0.01376
0.02023
0.01397
0.02471
0.04342
0.008019
0.02183
0.04215
0.03204
0.02332
0.02165
0.03776
0.02377
0.03631
0.02848
0.04269
0.0321
0.0229
0.05061
0.03865
0.02602
0.03681
0.05062
0.03037
0.02338
0.04674
0.03898
0.02534
0.02585
0.04325
0.03054
0.02093
0.04218
0.03263
0.02938
0.00565
0.02013
0.02216
0.04117
0.02025
0.0272
0.02209
0.02154
0.02366
0.01922
0.03291
0.03213
0.02023
0.0293
0.04619
0.02575
0.03332
0.04996
0.02547
0.02336
0.03221
0.02391
0.02291
0.05013
0.02813
0.02779
0.04601
0.02828
0.02211
0.04244
0.02554
0.02071
0.03312
0.02091
0.03264
0.0108
0.0223
0.02095
0.04116
0.02807
0.02518
0.04191
0.03368
0.00623
0.04089
0.006884
0.02395
0.04147
0.02186
0.003725
0.05015
0.01212
0.02235
0.05869
0.03366
0.02333
0.05962
0.03251
0.02477
0.04086
0.0265
0.03649
0.03848
0.02702
0.02984
0.01607
0.0387
0.03353
0.01772
0.02747
0.01623
0.05627
0.007028
0.04533
0.05336
0.003985
0.0303
0.04262
0.0243
0.02578
0.0643
0.02415
0.02837
0.04943
0.03034
0.02544
0.045
0.02325
0.04606
0.02658
0.0217
0.05546
0.02943
0.02245
0.04232
0.03397
0.02728
0.05022
0.0243
0.03489
0.05113
0.03232
0.02993
0.04954
0.02378
0.0198
0.04408
0.03345
0.02022
0.04394
0.008584
0.02509
0.04409
0.03573
0.03242
0.02539
0.02721
0.03957
0.02426
0.05235
0.03585
0.0211
0.03734
0.0215
0.03103
0.02141
0.04312
0.02497
0.0348
0.04971
0.02791
0.03361
0.04148
0.02769
0.02374
0.04012
0.02543
0.02725
0.02243
0.0399
0.03833
0.02261
0.0253
0.02474
0.04341
0.03232
0.02842
0.02593
0.04087
0.02969
0.008171
0.04348
0.02295
0.0215
0.05478
0.03708
0.01236
0.0507
0.003607
0.02447
0.01496
0.03741
0.003637
0.03419
0.01526
0.03262
0.03073
0.01432
0.02324
0.004027
0.03492
0.02804
0.04024
0.05448
0.02709
0.05937
0.02898
0.02694
0.04433
0.03554
0.02265
0.04483
0.02398
0.0272
0.04528
0.03976
0.02613
0.05802
0.03478
0.003891
0.04137
0.01391
0.05271
0.003597
0.03188
0.04861
0.02744
0.02402
0.0359
0.01864
0.05224
0.004249
0.03432
0.01563
0.02363
0.01529
0.05242
0.003791
0.02977
0.04807
0.02691
0.02499
0.04357
0.05291
0.0308
0.05595
0.03191
0.02446
0.06234
0.02878
0.003598
0.04176
0.0342
0.03403
0.02322
0.04905
0.02255
0.04605
0.03418
0.0223
0.04484
0.01472
0.02007
0.05187
0.02577
0.02347
0.05487
0.03172
0.02181
0.03703
0.03623
0.02107
0.03037
0.01422
0.02182
0.03712
0.01485
0.0191
0.04721
0.024
0.02185
0.03894
0.02316
0.04153
0.02992
0.02445
0.02228
0.02314
0.0219
0.03818
0.02067
0.03766
0.03845
0.003644
0.04152
0.03528
0.02559
0.04732
0.03626
0.0218
0.03405
0.02286
0.02507
0.03488
0.03605
0.04142
0.03127
0.02276
0.04244
0.03133
0.04093
0.02733
0.02197
0.04699
0.007327
0.02313
0.02074
0.02675
0.02199
0.04384
0.02814
0.02494
0.04426
0.0299
0.03046
0.04027
0.0254
0.0487
0.02506
0.04364
0.02886
0.02192
0.03103
0.05091
0.03073
0.0307
0.03893
0.02537
0.03685
0.02262
0.04007
0.05016
0.02719
0.003506
0.05053
0.02114
0.0033
0.04194
0.02562
0.03
0.05178
0.02752
0.02476
0.01663
0.03673
0.005604
0.03754
0.003619
0.04368
0.01063
0.02978
0.003643
0.02704
0.0125
0.003142
0.04272
0.01163
0.02298
0.009586
0.05333
0.003779
0.03063
0.003791
0.02865
0.005904
0.04272
0.03309
0.02611
0.03632
0.04366
0.02997
0.06166
0.03802
0.004068
0.06012
0.03765
0.02638
0.06029
0.03574
0.02393
0.04196
0.004046
0.04378
0.02792
0.04885
0.04069
0.004591
0.05674
0.01377
0.025
0.03245
0.03895
0.003807
0.04253
0.03089
0.005072
0.03184
0.01412
0.02307
0.04332
0.006049
0.02785
0.04773
0.03274
0.03005
0.05379
0.02479
0.02354
0.04235
0.03697
0.03174
0.03492
0.03578
0.02191
0.04384
0.03476
0.0218
0.04303
0.02355
0.02337
0.04891
0.02884
0.0379
0.03446
0.0227
0.02463
0.05316
0.02495
0.02201
0.04759
0.027
0.03927
0.03741
0.02613
0.04322
0.03726
0.02724
0.02389
0.003317
0.03562
0.03791
0.02362
0.04574
0.0143
0.02464
0.01318
0.04713
0.009458
0.02104
0.04664
0.02667
0.004559
0.04446
0.008781
0.02286
0.01835
0.02779
0.0155
0.02713
0.04705
0.03645
0.004136
0.05235
0.01497
0.02909
0.01702
0.03449
0.004166
0.04587
0.004391
0.0311
0.004003
0.07251
0.005523
0.02639
0.04588
0.05844
0.03182
0.02893
0.04408
0.02864
0.02839
0.06549
0.03354
0.02693
0.0313
0.04022
0.004135
0.04185
0.04991
0.01037
0.02543
0.01498
0.02578
0.04549
0.03364
0.003773
0.05656
0.003584
0.0226
0.02394
0.04102
0.003695
0.03749
0.01617
0.0328
0.004001
0.0325
0.004222
0.049
0.005501
0.02801
0.03812
0.0164
0.02631
0.04834
0.00718
0.02883
0.04599
0.009203
0.02427
0.03193
0.04486
0.03069
0.02882
0.03459
0.0468
0.03858
0.02618
0.03264
0.01662
0.02465
0.03894
0.02839
0.02432
0.01623
0.003977
0.02682
0.01603
0.03757
0.003707
0.04268
0.006609
0.02961
0.004443
0.02472
0.003855
0.03975
0.02753
0.03407
0.04616
0.03074
0.02679
0.04676
0.02816
0.04452
0.04422
0.01316
0.02548
0.03489
0.04754
0.02797
0.02341
0.05181
0.02471
0.02381
0.04333
0.03152
0.03475
0.05364
0.02791
0.03129
0.05202
0.02308
0.02696
0.024
0.03782
0.03655
0.02916
0.04624
0.02362
0.02381
0.05262
0.03046
0.03546
0.05531
0.02654
0.03411
0.02275
0.02503
0.02311
0.04436
0.03023
0.02312
0.04589
0.01385
0.0223
0.0326
0.01497
0.02224
0.02606
0.01406
0.03004
0.01419
0.003911
0.0689
0.006334
0.02766
0.01721
0.04296
0.004602
0.02453
0.05775
0.004037
0.004044
0.04487
0.004377
0.003961
0.03979
0.01423
0.004127
0.04999
0.006676
0.01291
0.05182
0.007709
0.03265
0.01576
0.02405
0.0041
0.02957
0.01617
0.03126
0.005825
0.05035
0.005208
0.03287
0.01598
0.03358
0.03266
0.05165
0.03048
0.03163
0.05249
0.03032
0.04069
0.04143
0.02835
0.03871
0.03518
0.0258
0.05097
0.008851
0.02378
0.0485
0.009772
0.03325
0.05436
0.006721
0.04125
0.0114
0.02583
0.03806
0.03847
0.02563
0.01595
0.03473
0.0226
0.01593
0.0368
0.02455
0.04436
0.03583
0.02475
0.04623
0.03535
0.03212
0.02675
0.02227
0.04952
0.03382
0.02209
0.05687
0.0358
0.0233
0.03753
0.02304
0.07112
0.02683
0.02378
0.04365
0.0246
0.0242
0.06262
0.03027
0.02323
0.04656
0.0334
0.02433
0.04534
0.03387
0.03816
0.05109
0.0301
0.02706
0.0511
0.04002
0.02488
0.04657
0.03508
0.0382
0.03653
0.02829
0.05502
0.02748
0.05522
0.03488
0.02326
0.0434
0.03637
0.02337
0.03381
0.02979
0.02271
0.04472
0.03476
0.02318
0.04375
0.02756
0.02763
0.05034
0.0323
0.02648
0.03621
0.0383
0.02438
0.03432
0.02354
0.02345
0.06569
0.0265
0.04495
0.04288
0.04201
0.02891
0.01629
0.03471
0.02528
0.01634
0.02825
0.0139
0.02692
0.009271
0.02595
0.01499
0.02962
0.004204
0.05552
0.01345
0.02617
0.01539
0.03118
0.01659
0.05657
0.008341
0.03527
0.02551
0.004494
0.02802
0.005456
0.04158
0.01714
0.02885
0.04385
0.04107
0.03005
0.04311
0.058
0.02992
0.0435
0.04266
0.02662
0.06529
0.02993
0.003815
0.06818
0.006277
0.02558
0.0143
0.03613
0.005076
0.02657
0.02573
0.044
0.05859
0.03305
0.05071
0.03435
0.03636
0.0409
0.04473
0.03195
0.02926
0.01578
0.03228
0.03418
0.05636
0.02865
0.04043
0.05591
0.02346
0.02749
0.0502
0.02417
0.03772
0.05478
0.02642
0.03827
0.03738
0.02328
0.03625
0.02641
0.01477
0.05225
0.03196
0.003873
0.04293
0.02959
0.02324
0.04745
0.02397
0.0357
0.05374
0.005763
0.03553
0.03818
0.02339
0.02603
0.04489
0.03595
0.02554
0.005325
0.03884
0.02494
0.04626
0.01166
0.02542
0.04585
0.01429
0.02503
0.007468
0.02538
0.04188
0.04298
0.004183
0.04172
0.01592
0.02484
0.04138
0.0361
0.004056
0.04881
0.03576
0.02676
0.05093
0.0343
0.06197
0.03038
0.02382
0.06095
0.02886
0.02302
0.04443
0.03779
0.02377
0.02314
0.03399
0.03861
0.05361
0.003605
0.0319
0.0493
0.035
0.006603
0.0452
0.02621
0.02742
0.05451
0.02734
0.0342
0.05582
0.03071
0.04133
0.03584
0.02511
0.06493
0.02907
0.03729
0.05314
0.02782
0.025
0.04853
0.02845
0.02121
0.02262
0.02223
0.0446
0.03267
0.02105
0.04693
0.02374
0.02584
0.05361
0.03018
0.02322
0.04362
0.03862
0.02359
0.04529
0.02919
0.03541
0.05273
0.02347
0.05445
0.0311
0.02382
0.05073
0.02718
0.02314
0.04246
0.02496
0.03216
0.0245
0.06636
0.03278
0.02848
0.05489
0.02684
0.03594
0.05507
0.02495
0.02649
0.04414
0.02643
0.02496
0.04712
0.03104
0.03308
0.05116
0.03297
0.03251
0.05287
0.03416
0.03706
0.0533
0.02992
0.02427
0.06239
0.03308
0.02447
0.02804
0.02641
0.04602
0.03876
0.02573
0.04793
0.03719
0.03333
0.05345
0.02827
0.02996
0.05165
0.0261
0.03833
0.02358
0.003805
0.04308
0.03682
0.02273
0.03679
0.05704
0.02857
0.006626
0.04861
0.03423
0.02656
0.03618
0.02645
0.0339
0.03223
0.003628
0.05562
0.01266
0.02387
0.01443
0.0384
0.003581
0.03898
0.007242
0.02256
0.04069
0.02891
0.004306
0.04555
0.003355
0.02565
0.01423
0.024
0.04587
0.0316
0.003491
0.04554
0.00653
0.0249
0.01182
0.02528
0.01521
0.03032
0.006356
0.03713
0.008155
0.0493
0.008007
0.02884
0.01636
0.003174
0.05459
0.01264
0.00306
0.04749
0.005176
0.02348
0.04265
0.003894
0.02169
0.04257
0.004892
0.01207
0.02537
0.03465
0.01457
0.02878
0.005812
0.0425
0.01641
0.02555
0.03952
0.03793
0.004093
0.04923
0.02743
0.04043
0.04028
0.02828
0.04894
0.03374
0.03891
0.04145
0.02695
0.03982
0.02486
0.03479
0.05444
0.02352
0.03306
0.03745
0.02287
0.05772
0.03322
0.03248
0.01481
0.02418
0.01312
0.02669
0.003486
0.02542
0.01381
0.02158
0.003757
0.04713
0.006866
0.03417
0.0532
0.02394
0.04361
0.02639
0.02205
0.05825
0.03572
0.02374
0.04479
0.008011
0.0457
0.003671
0.02105
0.02719
0.03621
0.02287
0.02241
0.05434
0.03461
0.02188
0.01528
0.03464
0.02125
0.0392
0.03781
0.02222
0.06103
0.01195
0.0272
0.0377
0.02178
0.06701
0.02493
0.02232
0.04452
0.02996
0.02768
0.01486
0.02161
0.04362
0.004746
0.02198
0.005351
0.03964
0.03666
0.003532
0.0397
0.03629
0.02234
0.04529
0.03106
0.02752
0.04672
0.02781
0.02238
0.03851
0.03768
0.02165
0.048
0.02556
0.03219
0.02932
0.02821
0.02172
0.04584
0.02816
0.04593
0.02041
0.03816
0.01438
0.02052
0.01413
0.02086
0.05155
0.02426
0.02844
0.05404
0.02676
0.03547
0.05336
0.02433
0.03792
0.03537
0.02205
0.0167
0.02041
0.003461
0.05372
0.02396
0.0039
0.04504
0.03277
0.005124
0.04829
0.003667
0.02283
0.01361
0.02274
0.03608
0.02575
0.03593
0.01521
0.02222
0.04082
0.03606
0.003642
0.03986
0.03738
0.02505
0.03117
0.05615
0.02794
0.03943
0.05582
0.02324
0.03793
0.05093
0.03014
0.03515
0.05352
0.0237
0.029
0.03616
0.02571
0.03819
0.02154
0.04541
0.007049
0.02083
0.02078
0.01232
0.02753
0.0143
0.02333
0.03124
0.01418
0.0264
0.03774
0.03729
0.02481
0.04516
0.0372
0.0237
0.05443
0.02205
0.02187
0.04136
0.03662
0.02299
0.04897
0.03045
0.03349
0.01447
0.02102
0.03638
0.02143
0.03873
0.03534
0.003555
0.03773
0.0551
0.02633
0.02499
0.04678
0.00704
0.02935
0.0271
0.003336
0.03886
0.01227
0.02149
0.04435
0.0347
0.02565
0.02323
0.02851
0.03678
0.03735
0.02606
0.04006
0.02133
0.0151
0.02115
0.03011
0.05373
0.02263
0.02955
0.04973
0.02152
0.02136
0.04656
0.02987
0.02315
0.06609
0.03002
0.02313
0.05425
0.0359
0.02369
0.06004
0.02643
0.02535
0.05057
0.004013
0.02237
0.04545
0.004018
0.0207
0.003547
0.0612
0.004613
0.02602
0.01407
0.02409
0.006913
0.04673
0.008189
0.03039
0.02217
0.02228
0.02255
0.04112
0.03942
0.02307
0.04886
0.0327
0.04083
0.03889
0.02425
0.05919
0.03394
0.02214
0.01421
0.02135
0.02175
0.04842
0.03191
0.03922
0.03745
0.05
0.02934
0.003935
0.04635
0.03025
0.03401
0.05587
0.02836
0.03711
0.02245
0.02573
0.04981
0.035
0.02364
0.03952
0.03759
0.02271
0.06499
0.03321
0.02411
0.05081
0.03021
0.03782
0.03877
0.05582
0.03738
0.02273
0.06205
0.02478
0.02224
0.05327
0.007156
0.03485
0.05167
0.02993
0.03972
0.03756
0.02395
0.003781
0.02125
0.02194
0.0393
0.03746
0.02553
0.04665
0.03576
0.02381
0.06551
0.0257
0.02313
0.04599
0.02488
0.05239
0.02148
0.03728
0.03563
0.02114
0.05798
0.03309
0.02127
0.01566
0.03141
0.0261
0.01529
0.0249
0.0526
0.005598
0.03166
0.00346
0.02753
0.00478
0.05107
0.007159
0.03649
0.05578
0.0278
0.003773
0.04696
0.0341
0.02796
0.003488
0.05148
0.003332
0.02175
0.04217
0.01286
0.02294
0.05529
0.02318
0.0296
0.05271
0.03019
0.05708
0.03381
0.04681
0.03197
0.003511
0.06411
0.02343
0.00352
0.04495
0.03447
0.02338
0.05375
0.02817
0.03759
0.03361
0.04418
0.03472
0.02351
0.06529
0.03051
0.02533
0.0226
0.03785
0.02852
0.05698
0.02609
0.04383
0.01182
0.02248
0.0143
0.03534
0.02186
0.01425
0.0357
0.004364
0.05129
0.003352
0.02464
0.04947
0.03309
0.03255
0.03839
0.02439
0.03657
0.01626
0.05686
0.02805
0.02667
0.03197
0.02775
0.03546
0.0562
0.03532
0.04252
0.0442
0.02906
0.06036
0.03845
0.0302
0.05048
0.04077
0.04699
0.03646
0.02826
0.04819
0.03965
0.03
0.04155
0.0581
0.004897
0.04286
0.003654
0.0531
0.01404
0.03036
0.01611
0.03125
0.03703
0.04564
0.004077
0.03455
0.01547
0.02962
0.01643
0.03895
0.006039
0.01605
0.0317
0.008571
0.01412
0.03273
0.01552
0.01133
0.02956
0.03166
0.004183
0.003828
0.03067
0.02635
0.01343
0.003588
0.04589
0.01607
0.00593
0.05005
0.016
0.003674
0.02967
0.01513
0.007464
0.02882
0.01541
0.02864
0.005335
0.04483
0.00403
0.03233
0.007951
0.02746
0.02072
0.06169
0.004194
0.04511
0.01548
0.02544
0.0374
0.004375
0.05265
0.03745
0.04731
0.0156
0.02826
0.06512
0.03021
0.01738
0.02965
0.003762
0.04324
0.03996
0.0264
0.03012
0.0552
0.03394
0.02725
0.05129
0.03901
0.03739
0.05762
0.03123
0.05021
0.03876
0.02621
0.03656
0.05047
0.02657
0.02757
0.04106
0.06264
0.03016
0.05136
0.03958
0.02832
0.05365
0.0412
0.02753
0.04726
0.03223
0.02773
0.06379
0.02683
0.02614
0.06477
0.03638
0.02789
0.05159
0.03613
0.03918
0.05918
0.02923
0.04633
0.02612
0.04912
0.03412
0.03306
0.0247
0.03432
0.05935
0.03711
0.0262
0.06284
0.02697
0.04114
0.06082
0.02811
0.05024
0.03827
0.02812
0.06184
0.0388
0.02733
0.06878
0.02816
0.0387
0.05709
0.03297
0.02842
0.06299
0.02863
0.0442
0.02596
0.04352
0.03506
0.02379
0.04715
0.02599
0.02539
0.04159
0.03039
0.02578
