0.001179
0.0004982
0.0006627
0.0004778
0.0005101
0.0005623
0.0006345
0.0005716
0.0005028
0.0005624
0.0004534
0.0005121
0.0006595
0.0004779
0.0005211
0.0007031
0.0005312
0.0003963
0.0007076
0.0005416
0.0004125
0.0003809
0.0005417
0.0004667
0.0005176
0.0004093
0.000579
0.0004483
0.0005304
0.000472
0.0005078
0.0005028
0.0004721
0.0005178
0.0006612
0.0005001
0.0007179
0.0005594
0.0008087
0.0005262
0.0005423
0.0005871
0.0004482
0.0005189
0.0005823
0.0005232
0.000504
0.0004822
0.0004435
0.0004901
0.0004747
0.0004281
0.0004189
0.0004633
0.0003978
0.0004932
0.000369
0.0005072
0.0005388
0.000562
0.0008708
0.0005612
0.0005113
0.0007028
0.0005174
0.0005672
0.0005424
0.0005155
0.0005111
0.0005383
0.000618
0.0004946
0.001148
0.0004852
0.0005645
0.000733
0.0005779
0.001133
0.000594
0.0005708
0.0004604
0.0004495
0.0004421
0.0005671
0.0005673
0.0006476
0.0005257
0.0004469
0.0004643
0.0004769
0.0003849
0.0004072
0.0004005
0.0004174
0.0004556
0.0004234
0.0004282
0.0002913
0.0003199
0.0003122
0.0002977
0.0002884
0.00034
0.0003086
0.0004003
0.0003681
0.0003979
0.0003574
0.0005101
0.000388
0.000613
0.0004243
0.0004241
0.000479
0.0004991
0.0004813
0.0004156
0.0004397
0.0003924
0.0003567
0.0009317
0.0004087
0.0003926
0.0003883
0.0003873
0.0003636
0.0003801
0.0006295
0.0003727
0.0003285
0.000347
0.000515
0.0003365
0.0003716
0.0003951
0.000441
0.0005624
0.0004284
0.0003805
0.000421
0.0003631
0.0003561
0.0003362
0.000362
0.0003133
0.000908
0.0003482
0.0003974
0.0005251
0.0004369
0.0004792
0.0004687
0.0006237
0.0004742
0.000496
0.0005441
0.0005029
0.0004825
0.0005782
0.0004787
0.000435
0.0004687
0.0003923
0.0004261
0.0003564
0.0003465
0.0004392
0.0003809
0.0003915
0.000379
0.0003019
0.0003194
0.0003807
0.0003609
0.0003936
0.0003289
0.0004894
0.0004485
0.0003693
0.0003601
0.0003613
0.0003582
0.0003686
0.0004607
0.0005249
0.0004038
0.0004883
0.0003692
0.0004046
0.000479
0.0004634
0.0003849
0.0004521
0.0004349
0.0004417
0.0004281
0.0003397
0.0003958
0.0004529
0.0003901
0.0004585
0.0004237
0.0003447
0.0004202
0.000368
0.0004728
0.0003765
0.0004557
0.000487
0.0005252
0.0004797
0.000488
0.0003606
0.0003875
0.0004836
0.0004953
0.0005449
0.000525
0.0005671
0.0006555
0.000476
0.0004533
0.0004153
0.0003777
0.0005017
0.0004088
0.0005383
0.0005446
0.0006575
0.0004114
0.0004986
0.0005428
0.0005441
0.0004174
0.0004361
0.0004778
0.0005257
0.0005241
0.0005237
0.0004092
0.0004245
0.0005137
0.0005484
0.000546
0.0005587
0.0005885
0.0005441
0.0004021
0.0004537
0.0003461
0.0003364
0.0003028
0.0003406
0.0004914
0.0003289
0.0003209
0.0004722
0.0002881
0.0003457
0.000562
0.0004187
0.0003937
0.0004554
0.0005895
0.0009634
0.0006844
0.0009031
0.001843
0.0007371
0.0005395
0.0004836
0.0005306
0.0004119
0.0003945
0.0004539
0.0003702
0.0003799
0.0003383
0.0005341
0.0004789
0.000515
0.0006703
0.0004997
0.0006249
0.0006156
0.0009459
0.0006271
0.0007049
0.0004191
0.0004532
0.0004992
0.0006095
0.0005387
0.0005404
0.0006813
0.0005558
0.0005798
0.0006969
0.0008876
0.001026
0.0007128
0.0009092
0.000692
0.0005563
0.0006018
0.0005755
0.0007456
0.0003843
0.0007275
0.000439
0.0003772
0.0003915
0.0003432
0.0003426
0.000381
0.0004039
0.0003726
0.0003649
0.0003187
0.000436
0.0003066
0.0003423
0.0003469
0.0003823
0.0003903
0.0003915
0.0004357
0.000391
0.0003659
0.0004694
0.0003716
0.0004448
0.0003858
0.0004647
0.0002835
0.0002818
0.000338
0.0002633
0.0003746
0.0003514
0.0004039
0.0004041
0.0003644
0.0004739
0.0003146
0.0002877
0.0003385
0.0002642
0.0002846
0.0004664
0.0004524
0.0003321
0.000324
0.0003149
0.0003922
0.0005597
0.0003113
0.000349
0.0003835
0.0003357
0.000406
0.0003842
0.0004766
0.0004202
0.0003878
0.0004038
0.0004533
0.0008638
0.0005211
0.0006222
0.0005439
0.000583
0.0006004
0.0004482
0.0004141
0.0004343
0.0004195
0.0004886
0.0004683
0.0004833
0.0004801
0.0004794
0.0005257
0.0006958
0.0004509
0.0005277
0.0004707
0.000486
0.0004711
0.0004043
0.0004615
0.0004511
0.0003995
0.0004101
0.0004225
0.0005221
0.0003849
0.0004508
0.0004085
0.0004721
0.0006301
0.0006872
0.0004714
0.0004075
0.0009021
0.0003878
0.0003201
0.0003
0.000311
0.0003464
0.0003478
0.0003519
0.0003468
0.0003788
0.0004786
0.0003727
0.0005223
0.0005072
0.0003806
0.0004614
0.0005798
0.0003135
0.0003356
0.0003574
0.0003719
0.0003383
0.0003365
0.00036
0.0003434
0.0003359
0.0003293
0.0004082
0.0004656
0.0005025
0.0003628
0.000405
0.000439
0.0004779
0.0004417
0.000375
0.0003786
0.0003666
0.0003657
0.0003933
0.0005859
0.0003613
0.0004337
0.0004406
0.0004328
0.0004609
0.0004348
0.0003665
0.0004045
0.000316
0.0004678
0.0006507
0.0003166
0.0004558
0.0003597
0.0003526
0.0003641
0.0003015
0.0003466
0.0004143
0.0003333
0.0003507
0.0006303
0.0004543
0.0004424
0.0003805
0.0003383
0.0003796
0.0003749
0.0006888
0.0003551
0.0004729
0.0004573
0.0006257
0.0007677
0.0005963
0.0003758
0.0005441
0.0008346
0.001028
0.0004117
0.0004626
0.0005429
0.0006623
0.0006593
0.001198
0.0004226
0.0004485
0.0004977
0.0004601
0.0005043
0.0005467
0.0007725
0.0004854
0.0004607
0.001043
0.0004916
0.0004766
0.000437
0.0004435
0.0008225
0.0006046
0.0004428
0.0005293
0.0005227
0.0007787
0.0005168
0.0004646
0.0004331
0.0003712
0.0003712
0.0003045
0.0003337
0.0003655
0.000417
0.0003859
0.0004214
0.000387
0.0005482
0.0003735
0.000364
0.0003205
0.0003045
0.0003024
0.0002938
0.0003696
0.0003432
0.0005737
0.0004333
0.0003448
0.0003565
0.0003486
0.0003826
0.0003885
0.0003435
0.0003415
0.0003103
0.0003165
0.000301
0.0002996
0.0003432
0.0002422
0.0002753
0.0003224
0.0003385
0.0005573
0.0004043
0.0003419
0.0003392
0.0003042
0.0005052
0.0004534
0.0007815
0.0004189
0.0004804
0.000385
0.0003341
0.0006993
0.0003532
0.000337
0.0004439
0.0004577
0.0003496
0.0003312
0.0004629
0.0004905
0.0005677
0.000529
0.000899
0.0005471
0.0005063
0.0005334
0.0005948
0.0005028
0.0005765
0.0005781
0.0006527
0.0005679
0.0008399
0.0008768
0.0004108
0.0006118
0.0005096
0.0003882
0.0007158
0.0004101
0.0004369
0.000339
0.0003409
0.0005021
0.0005785
0.0003733
0.0006333
0.0003944
0.0004497
0.0005546
0.0005696
0.0007357
0.0005056
0.0009915
0.0008124
0.0008152
0.0005987
0.0009365
0.0003896
0.0005935
0.0004108
0.0005461
0.0006299
0.0004629
0.0004689
0.0004301
0.0003792
0.0004322
0.0003359
0.0003427
0.0003565
0.0002867
0.0003826
0.0002485
0.0004044
0.000393
0.0003392
0.0003028
0.0002951
0.000312
0.0003428
0.0006579
0.0004157
0.0004013
0.0003946
0.0004115
0.0004454
0.0005894
0.0003684
0.0003847
0.0003199
0.000352
0.0005138
0.000426
0.000411
0.0005241
0.0005259
0.0004993
0.0004618
0.0005018
0.0005324
0.0005092
0.0004027
0.0005032
0.000411
0.0003729
0.0005354
0.000739
0.0003647
0.0003791
0.0004414
0.0003798
0.0004537
0.0004837
0.0004187
0.0004288
0.0004512
0.0004811
0.0005804
0.0004214
0.0007035
0.0004088
0.0005619
0.0007581
0.0006279
0.0004329
0.0005172
0.0003413
0.0002933
0.000336
0.0003016
0.0003498
0.0003403
0.0003125
0.0002999
0.0002823
0.0002993
0.0003017
0.0003332
0.0003037
0.0004718
0.0002822
0.000245
0.0002352
0.0002652
0.0002821
0.0002938
0.0002436
0.0002513
0.0002843
0.000348
0.0003548
0.000355
0.0003596
0.0003495
0.0002915
0.0003338
0.0002773
0.0003054
0.0002696
0.000358
0.0003489
0.0003652
0.0003999
0.0004096
0.0004636
0.000412
0.0003866
0.0003638
0.000504
0.0003691
0.0004598
0.0003281
0.0002872
0.0003863
0.0003174
0.0003426
0.0005229
0.0003264
0.0003498
0.0003451
0.0002832
0.0003214
0.000352
0.0003605
0.0003516
0.0003888
0.0005966
0.0004086
0.000335
0.0002886
0.0003393
0.0005218
0.0002745
0.0002786
0.000384
0.0002722
0.0003088
0.0004296
0.000484
0.0004819
0.0002987
0.0003118
0.0002863
0.0004154
0.0003568
0.0004723
0.0002982
0.0003478
0.0002925
0.0003811
0.0004211
0.0002827
0.0003087
0.0006989
0.0004768
0.0004529
0.000481
0.0003853
0.000299
0.0002897
0.000391
0.0003154
0.0003676
0.0003812
0.0003398
0.0002686
0.0002961
0.0004302
0.0003052
0.0004017
0.000355
0.0003093
0.0003803
0.0004518
0.000416
0.0004446
0.0004031
0.0003385
0.0006823
0.0003562
0.0004109
0.0003168
0.0003354
0.0003473
0.0003723
0.0006115
0.0008834
0.0003675
0.000496
0.0004768
0.0005035
0.0004721
0.0009959
0.0004877
0.0004857
0.0005734
0.0006321
0.0005025
0.0004551
0.0007072
0.0005222
0.0008137
0.0004694
0.0005484
0.0005991
0.0005517
0.0004633
0.0004297
0.0004042
0.0004109
0.000384
0.0004254
0.0006376
0.0003324
0.0004014
0.00033
0.0002979
0.0002945
0.0003968
0.0003803
0.000351
0.0002934
0.0002824
0.0002507
0.0003864
0.0002583
0.00028
0.0003448
0.0003599
0.0004123
0.0003704
0.0005153
0.0003601
0.0004582
0.0003395
0.0003438
0.0003843
0.0004111
0.0005722
0.0003252
0.0003134
0.0003218
0.0003157
0.000446
0.0004301
0.0003799
0.0004477
0.0004049
0.000398
0.0003608
0.0004973
0.0005235
0.000477
0.0006402
0.0004013
0.000373
0.000482
0.0004127
0.0004161
0.0006214
0.0005676
0.0007656
0.0006436
0.0007495
0.0008273
0.0006655
0.0006145
0.0006278
0.0005297
0.0006153
0.0007731
0.0004984
0.0004991
0.0005329
0.000464
0.0005678
0.0004896
0.0005301
0.0004938
0.0004702
0.0004222
0.0004897
0.0005009
0.0004647
0.0004217
0.0004572
0.0004635
0.0004468
0.0005051
0.0004558
0.0004426
0.0003759
0.0004091
0.0004218
0.0004451
0.0003997
0.000332
0.0003807
0.0003259
0.0003401
0.0003628
0.000439
0.0004595
0.0003866
0.0003118
0.0003677
0.0003462
0.0005739
0.0004272
0.0004136
0.0003442
0.0003246
0.0003256
0.0003386
0.0004011
0.0003752
0.0003817
0.0003478
0.0003396
0.0003935
0.0003468
0.0002834
0.000263
0.0002547
0.0006149
0.0003867
0.0004043
0.000335
0.0003836
0.0004847
0.0003752
0.0003971
0.0004874
0.0003844
0.0004263
0.0004221
0.0003012
0.0003204
0.0002876
0.0003558
0.0004983
0.0005713
0.0008567
0.0005265
0.0004873
0.0004557
0.0005143
0.000504
0.0004027
0.0004396
0.0006912
0.0003955
0.0004356
0.000443
0.000648
0.000488
0.000471
0.0005721
0.0006462
0.0006981
0.0007828
0.0005671
0.0004814
0.0004619
0.0004253
0.00051
0.0004928
0.001065
0.000498
0.000624
0.0004811
0.0007238
0.0006886
0.000413
0.000392
0.0006017
0.0005473
0.0005332
0.0004805
0.0004139
0.000375
0.0003527
0.0003783
0.0003337
0.0003005
0.0002903
0.0002925
0.0003268
0.0003024
0.0003248
0.0002859
0.0002982
0.0002996
0.0003371
0.0002932
0.0002831
0.0002878
0.0003202
0.0002804
0.0003583
0.0003016
0.0003549
0.0003024
0.0003874
0.000406
0.0003785
0.0003264
0.000349
0.0004451
0.0003104
0.0002773
0.0003505
0.0002644
0.0003207
0.0003337
0.0003434
0.0004043
0.0003313
0.0003388
0.0002845
0.0002612
0.0002581
0.0002559
0.0003709
0.0002925
0.0002964
0.0003956
0.0003212
0.0002674
0.0002408
0.0003693
0.0003587
0.0002612
0.0003537
0.0002621
0.000265
0.000269
0.0002616
0.0003848
0.0003142
0.0005001
0.0002761
0.0003188
0.0002358
0.0003193
0.0003046
0.000302
0.000387
0.0002795
0.0004965
0.0005647
0.0005657
0.0004444
0.0004607
0.0005471
0.0007655
0.0005426
0.0006644
0.0004245
0.0002641
0.0003969
0.0004649
0.0003574
0.0002639
0.0002473
0.0002762
0.0002855
0.0003125
0.0003983
0.0004485
0.0006226
0.0003696
0.0003846
0.0004663
0.0004886
0.000394
0.0003377
0.000361
0.0003207
0.000302
0.0003681
0.0003496
0.000487
0.0004253
0.0005335
0.0004486
0.0003754
0.0003968
0.0003939
0.0004442
0.0003795
0.0004923
0.0004904
0.000468
0.0005572
0.0005762
0.0005745
0.0005562
0.0005434
0.0005217
0.0005479
0.0005572
0.0005758
0.000528
0.0004985
0.0004714
0.0005053
0.0003919
0.0003873
0.0004635
0.0004457
0.0003288
0.0003665
0.0003142
0.0003837
0.0003666
0.0003583
0.0003644
0.0003448
0.0003174
0.0004107
0.0003641
0.0003601
0.0003912
0.000387
0.0003984
0.000397
0.0004127
0.0005071
0.0005254
0.000467
0.0004082
0.0004303
0.0004102
0.0005044
0.0005655
0.000346
0.0003825
0.0004701
0.0003165
0.0005894
0.0002919
0.0003352
0.00047
0.0003679
0.0005465
0.000454
0.0004179
0.000442
0.0003732
0.0004086
0.0003979
0.0006114
0.0003507
0.0003632
0.0004022
0.0004898
0.0003663
0.0003425
0.0004183
0.000337
0.0003726
0.0003678
0.0003977
0.0005248
0.0003447
0.0003629
0.0004036
0.0005368
0.0004486
0.0007607
0.0003978
0.0003429
0.00034
0.0004569
0.0003656
0.0003073
0.0003472
0.0004026
0.0003384
0.0005472
0.0003339
0.0003747
0.0003415
0.0003835
0.0003983
0.0003717
0.0005305
0.0003922
0.0006567
0.0004499
0.0003808
0.0003634
0.000464
0.0004337
0.000467
0.0004211
0.0005337
0.0005183
0.000451
0.0003606
0.0003452
0.0003541
0.0003448
0.0003675
0.0003322
0.0004441
0.0004427
0.0005143
0.0004759
0.0004637
0.0003768
0.0003495
0.0004623
0.0003144
0.0003082
0.000356
0.0003994
0.0002921
0.0004071
0.0005052
0.0003565
0.0003894
0.0003782
0.000346
0.0003657
0.00034
0.0002521
0.0004085
0.0006226
0.0004587
0.0004401
0.0003463
0.00036
0.0003862
0.0003669
0.0003678
0.0003522
0.0003629
0.0003536
0.0004026
0.0003822
0.0004008
0.0004294
0.0003688
0.0002736
0.0002489
0.0002535
0.0004256
0.0002919
0.000448
0.0003422
0.0003847
0.000367
0.000332
0.0008175
0.0003761
0.00048
0.0007833
0.0006239
0.0003827
0.000402
0.0003996
0.0004974
0.0003782
0.0003307
0.0004161
0.0004952
0.0004447
0.0005085
0.0007411
0.0004157
0.0005274
0.0005815
0.0004425
0.0005803
0.0004324
0.0004021
0.000436
0.0004672
0.000415
0.0004512
0.0004301
0.0004165
0.0003875
0.0003576
0.0003371
0.000409
0.0003779
0.0004263
0.0005716
0.0005511
0.0005011
0.0004077
0.000514
0.0005909
0.0006104
0.000459
0.0006128
0.0003822
0.0004276
0.0003842
0.0004624
0.0003264
0.0003157
0.0002729
0.0002547
0.0002409
0.0002439
0.0002959
0.0002553
0.0003979
0.0004837
0.0003776
0.0004819
0.0003996
0.000286
0.0004101
0.0002655
0.0004879
0.0005147
0.0006062
0.0004365
0.0005104
0.0005987
0.0005079
0.0002923
0.0004547
0.0004528
0.0003797
0.0004868
0.0003812
0.0005376
0.000597
0.0004842
0.0006066
0.0005485
0.000416
0.0004432
0.0005541
0.000434
0.0003415
0.0004433
0.0003914
0.0003687
0.0004338
0.0004603
0.0004889
0.0004323
0.0004531
0.0003004
0.0003553
0.0003266
0.000324
0.0006846
0.0003905
0.0007231
0.000289
0.0002477
0.0004877
0.0004033
0.0003642
0.0003226
0.001427
0.0001955
0.0001678
0.0001841
0.0002044
0.0003258
0.0001877
0.0003016
0.0002283
0.0002068
0.0002329
0.0002738
0.0003314
0.0002589
0.0002401
0.0002227
0.0002923
0.000226
0.0002811
0.0002408
0.0002985
0.000336
0.000479
0.0003469
0.000247
0.0003453
0.0003641
0.0003367
0.0003405
0.0008548
0.0005496
0.0004354
0.0004419
0.0004368
0.0004234
0.0004871
0.0004862
0.0007713
0.0004778
0.00043
0.0004341
0.0005654
0.0004529
0.0004564
0.0004729
0.000536
0.0005091
0.0004815
0.000418
0.0004529
0.0005083
0.0005241
0.0004965
0.0004958
0.0004999
0.0004522
0.0003949
0.0003703
0.0004006
0.000364
0.0003254
0.0003152
0.0003302
0.0003276
0.0004081
0.000322
0.0003946
0.0003344
0.0006886
0.0004299
0.0003524
0.0003174
0.000338
0.0002897
0.0003471
0.0003407
0.0003074
0.0003511
0.0003684
0.0003787
0.0003929
0.0004533
0.0003564
0.0003173
0.0003111
0.0002975
0.0002583
0.0002952
0.0002782
0.0003169
0.0002596
0.0002927
0.000376
0.0004413
0.0002999
0.0003437
0.0003079
0.0003131
0.0003674
0.0003557
0.0005013
0.0003544
0.0003649
0.0003391
0.0003788
0.0003315
0.0003245
0.0002853
0.0004139
0.0002625
0.0003614
0.0004591
0.0003632
0.0004036
0.0003443
0.0003506
0.0003603
0.0005516
0.0004947
0.0003199
0.0004619
0.0004623
0.0003775
0.0003442
0.0003715
0.0002509
0.0002727
0.0003383
0.0003075
0.0005787
0.0004661
0.0002943
0.0002872
0.0004982
0.000416
0.0003805
0.0004143
0.000383
0.0004247
0.000415
0.0004944
0.0002935
0.0003828
0.0004
0.0004282
0.0004706
0.0004254
0.0004204
0.0003942
0.0003926
0.000521
0.0006296
0.0004083
0.0005541
0.0004595
0.000457
0.0004023
0.0004056
0.0003431
0.000498
0.0003741
0.0005044
0.0006063
0.0005812
0.0005296
0.0005624
0.0005672
0.0004788
0.000441
0.0004048
0.0004438
0.0004456
0.0005218
0.0004886
0.0005763
0.0007207
0.0009692
0.0004592
0.0004415
0.0004964
0.0005379
0.0006777
0.000467
0.0004394
0.0004347
0.0004675
0.0005176
0.0005039
0.0004925
0.0004624
0.0004283
0.0003798
0.0004059
0.0004123
0.0003906
0.0003702
0.0003586
0.0003595
0.0005036
0.0004131
0.0003963
0.0004332
0.0006911
0.0004363
0.0005666
0.0004181
0.0005259
0.0004158
0.0003936
0.0003842
0.000345
0.0003769
0.0004102
0.000483
0.0004872
0.0004176
0.0004105
0.0004133
0.0005264
0.0004354
0.0005036
0.0005132
0.0005907
0.0004048
0.0003939
0.0005161
0.0003928
0.0004044
0.0005677
0.0006268
0.0006151
0.0005247
0.0004729
0.0004314
0.000576
0.0004413
0.0005391
0.0004064
0.0003382
0.0002971
0.0003781
0.000397
0.0006633
0.0004731
0.0004888
0.0005152
0.000603
0.0005009
0.0004706
0.0004232
0.0004519
0.0005111
0.0004556
0.0006201
0.0004763
0.00041
0.000443
0.0003652
0.0006201
0.0006519
0.0005007
0.0003077
0.0004602
0.0005251
0.0005763
0.0004171
0.0003831
0.0004044
0.0004131
0.0003736
0.0005903
0.00053
0.0003721
0.000829
0.0005426
0.0007216
0.0006877
0.001103
0.0005534
0.0005201
0.0005649
0.0008093
0.0004869
0.0006154
0.0004732
0.0005281
0.0004675
0.0008082
0.0004107
0.0004353
0.0003798
0.0004718
0.0004592
0.0004935
0.0004401
0.0004115
0.0004465
0.0003377
0.0004205
0.0004594
0.0004947
0.0004324
0.0005194
0.0003351
0.0003959
0.0004579
0.0003663
0.0004177
0.000429
0.0004893
0.000426
0.0004478
0.000318
0.0003941
0.0003223
0.000336
0.0003897
0.0004665
0.0004355
0.0003936
0.0003587
0.0003403
0.00041
0.0003971
0.0003712
0.0004241
0.0003433
0.0005573
0.0004973
0.0004618
0.0005097
0.0004682
0.0004471
0.0005665
0.0004779
0.0003613
0.0006327
0.0005478
0.0006481
0.0003079
0.0003154
0.0003163
0.0003675
0.0003077
0.0002593
0.0002682
0.0003275
0.0003866
0.0004638
0.0003696
0.0003637
0.0004744
0.0004835
0.0002878
0.0004158
0.0002794
0.000405
0.0002563
0.0002783
0.0002451
0.0002374
0.0002506
0.0002751
0.0004098
0.0002861
0.0003833
0.0003654
0.0002773
0.0002694
0.0004683
0.0005304
0.0004153
0.000504
0.000397
0.0004605
0.0005428
0.0004924
0.0003884
0.0005248
0.0004494
0.0003948
0.0003944
0.0003126
0.0002904
0.0003715
0.0004062
0.0005194
0.0003383
0.0003027
0.0003005
0.0002876
0.0003794
0.0004643
0.0005634
0.0006624
0.0005912
0.0008655
0.0004256
0.0004375
0.000776
0.0005132
0.0007222
0.0006382
0.0009976
0.0005352
0.0005201
0.0005216
0.0004653
0.0004825
0.0004565
0.0008779
0.0005204
0.0004782
0.0004668
0.0004831
0.0008905
0.0004845
0.0003996
0.0004218
0.0005178
0.0003783
0.0003812
0.0004299
0.0005294
0.0005558
0.0005632
0.0005536
0.0005866
0.0005892
0.000622
0.000577
0.0007342
0.0005303
0.0005664
0.0004047
0.00048
0.0005113
0.0004757
0.0004462
0.0004169
0.0004545
0.0005584
0.0005496
0.000481
0.0004764
0.0003544
0.0003907
0.0005417
0.0004093
0.0004031
0.0003029
0.0003381
0.0003234
0.0003697
0.0003408
0.0003308
0.0003462
0.000383
0.0003479
0.0004144
0.000328
0.0003372
0.0003314
0.0004148
0.0003505
0.0003423
0.0003349
0.0003152
0.000338
0.0003116
0.0003635
0.0003803
0.0003782
0.0004956
0.0006179
0.0006425
0.0005376
0.0005139
0.00049
0.0005674
0.0004459
0.0003097
0.0004636
0.000359
0.0004942
0.0002989
0.0004074
0.0004387
0.000388
0.0003266
0.0004125
0.0005135
0.0004306
0.0003958
0.0005776
0.0004013
0.0003629
0.0004102
0.0006368
0.0005109
0.0006067
0.0004057
0.0004337
0.0003397
0.0005225
0.0004241
0.0003639
0.0003827
0.0004193
0.0005466
0.0003564
0.0005511
0.0005102
0.001014
0.0006002
0.0004959
0.0005047
0.0004022
0.000395
0.0004656
0.0004287
0.0004769
0.0006161
0.0006153
0.0006379
0.000513
0.0004704
0.000407
0.0004175
0.0005538
0.0004179
0.0009119
0.0008814
0.0005101
0.0005368
0.0005689
0.0006467
0.0004706
0.0005436
0.000475
0.0004849
0.0004516
0.000536
0.0005088
0.0004547
0.0005866
0.0007011
0.000378
0.0004175
0.0005652
0.0006092
0.001442
0.0004433
0.000502
0.0004674
0.0009761
0.0006272
0.000498
0.0006497
0.0007921
0.0005178
0.0004194
0.0004219
0.0006044
0.0004468
0.0004229
0.0004571
0.0004087
0.0005926
0.0005356
0.000502
0.0006983
0.0004578
0.0004728
0.0006843
0.0004274
0.0004381
0.0005426
0.0003589
0.000314
0.0003582
0.0003843
0.0004198
0.0004822
0.000544
0.0003779
0.0003803
0.0002859
0.0003145
0.0004124
0.0003662
0.000393
0.0004684
0.0004228
0.0004443
0.0003469
0.0004473
0.0004066
0.0004202
0.0005061
0.00043
0.0003534
0.0003953
0.0005428
0.0005193
0.0004669
0.000394
0.0005039
0.0003874
0.0005383
0.0005793
0.0002921
0.000319
0.0003574
0.0004733
0.0003441
0.0005625
0.0003727
0.000424
0.0004139
0.0004876
0.0006192
0.0004733
0.0005063
0.0005276
0.0004527
0.0004823
0.0007021
0.000475
0.0006235
0.0006188
0.0008606
0.000751
0.0009797
0.0005806
0.0006266
0.0006778
0.0006712
0.0005127
0.0004648
0.000481
0.0005009
0.0004993
0.0005205
0.0004758
0.0005749
0.0003919
0.0003888
0.0003667
0.0005569
0.0003951
0.0004211
0.0004765
0.0003995
0.000419
0.0003383
0.0003525
0.0003661
0.000309
0.0002916
0.0003369
0.0003702
0.0003833
0.0003968
0.0003669
0.000328
0.0003168
0.0003231
0.0003016
0.000317
0.0004079
0.000286
0.0002405
0.0002443
0.0003791
0.0004221
0.0004449
0.0004378
0.0003505
0.0004394
0.0003027
0.0003235
0.0003508
0.0003326
0.0003536
0.0003215
0.0003428
0.0004173
0.000398
0.0004445
0.0004106
0.0005622
0.0004457
0.0003811
0.0003933
0.0003691
0.0005682
0.0002965
0.0003976
0.0005183
0.0003911
0.001142
0.0006233
0.0004628
0.0004024
0.0007233
0.0004765
0.0004027
0.0003834
0.0006189
0.000378
0.0003435
0.0003418
0.0006722
0.0003473
0.00037
0.0003265
0.000363
0.0003888
0.0005175
0.0004678
0.0006333
0.0003164
0.0005331
0.0004995
0.0004865
0.0004381
0.0004056
0.0004482
0.0003797
0.0003435
0.0004314
0.0003433
0.0003278
0.0004514
0.0003391
0.0003965
0.0004
0.0004328
0.0005164
0.0004067
0.0004817
0.0004621
0.0004224
0.000501
0.0005701
0.0003616
0.0004672
0.0004321
0.0004898
0.0005482
0.0004358
0.0005234
0.0006115
0.0003339
0.0004705
0.0003323
0.0003084
0.0003832
0.000385
0.0003852
0.0005302
0.0004917
0.000595
0.000808
0.0004906
0.0007776
0.0004888
0.0005671
0.0005711
0.0007896
0.0006285
0.0006044
0.0005683
0.0004818
0.0004189
0.0005733
0.000374
0.0004794
0.0003734
0.0004093
0.0007122
0.0005804
0.0005996
0.0004254
0.0004621
0.0004749
0.000688
0.0004676
0.0004093
0.0004264
0.0003689
0.0003369
0.0002615
0.0002475
0.0002417
0.0002345
0.0002535
0.0002781
0.0002382
0.0002873
0.0003296
0.0003214
0.000333
0.0003613
0.0003228
0.0003921
0.0004045
0.000399
0.0003487
0.0004695
0.0004038
0.0004049
0.0004697
0.0004001
0.000357
0.0003662
0.0003673
0.0003317
0.0003303
0.0003381
0.0003282
0.0003156
0.0003048
0.0003094
0.0003321
0.0003081
0.0003458
0.0002559
0.0002768
0.0003439
0.000353
0.0002793
0.0003465
0.0002693
0.0003219
0.0002934
0.0002853
0.000295
0.0003184
0.0004977
0.0004399
0.0003224
0.0003255
0.000327
0.0002845
0.0002671
0.0003079
0.0002581
0.0002578
0.0003922
0.0003565
0.0003636
0.000396
0.0003105
0.0005058
0.0004564
0.0004205
0.0003622
0.0003332
0.0003294
0.0003454
0.0004008
0.0004005
0.0003762
0.0005883
0.0004726
0.0004865
0.0004549
0.0004074
0.0004286
0.0004801
0.0005188
0.0004574
0.0006525
0.0005698
0.0005355
0.0005986
0.0005618
0.0005466
0.0004751
0.0005024
0.0004518
0.0004121
0.0004323
0.0004807
0.0004373
0.0004395
0.000575
0.0004431
0.0005004
0.0003894
0.0004452
0.0003966
0.0003868
0.0003392
0.0003818
0.0003029
0.0003805
0.0003497
0.0003509
0.0003508
0.0005086
0.0003744
0.0003741
0.0003997
0.0003818
0.0003288
0.0003491
0.0003052
0.0002933
0.0002975
0.0003412
0.0003595
0.0003887
0.0003497
0.0003412
0.0005086
0.0003501
0.000301
0.0002964
0.0002714
0.0002995
0.0003636
0.0004483
0.0003202
0.0003668
0.0003804
0.00043
0.0004891
0.0004284
0.0005428
0.0003096
0.0003139
0.0003176
0.0002729
0.0003354
0.0003603
0.0003342
0.0004428
0.0004948
0.0003535
0.0003973
0.0003844
0.0003771
0.0003126
0.0003382
0.0003239
0.0003464
0.0003242
0.0003543
0.0003257
0.0006938
0.0003866
0.0003249
0.000364
0.0003468
0.0003962
0.0005084
0.0003983
0.0006573
0.0003867
0.0004043
0.0003973
0.0005361
0.0004857
0.0007545
0.0008085
0.0004314
0.0004959
0.0004238
0.0005835
0.0003677
0.0008439
0.0004364
0.0006979
0.0004699
0.0005248
0.0005857
0.0005759
0.0005791
0.0008569
0.0005706
0.0008591
0.0004569
0.000418
0.0004817
0.0004818
0.000544
0.0005373
0.0005187
0.0004877
0.0004703
0.0004548
0.0004617
0.0004269
0.0003289
0.0003611
0.0003912
0.000375
0.0003968
0.000525
0.0003312
0.0003164
0.0003192
0.0003534
0.0003693
0.0004289
0.000439
0.001026
0.0004347
0.0004014
0.0007193
0.0003621
0.0003806
0.0003412
0.0003121
0.0002394
0.0002734
0.0003288
0.0004027
0.0007958
0.0003208
0.0003024
0.0002731
0.0002866
0.0002847
0.0003342
0.0002835
0.0003273
0.0003419
0.0003215
0.0003975
0.0002772
0.0002502
0.0002439
0.0002982
0.0002887
0.000219
0.0002566
0.0002004
0.000336
0.0003229
0.0002944
0.0002745
0.0004376
0.0002834
0.0003971
0.0003606
0.0003307
0.0004076
0.0004102
0.0004038
0.0003182
0.0002508
0.0003614
0.0003277
0.000273
0.0002955
0.0005626
0.0002806
0.0002737
0.0002962
0.0004281
0.000302
0.0003761
0.0002694
0.0004019
0.0002764
0.0003282
0.0003246
0.000408
0.0003764
0.0003814
0.0002996
0.0004593
0.0002285
0.0004349
0.0003145
0.0003211
0.0003374
0.0003533
0.0003805
0.0004158
0.0003593
0.0003431
0.0002885
0.0002933
0.0003057
0.0003657
0.000294
0.0003094
0.0003378
0.0004705
0.0003396
0.0004152
0.0003307
0.0002884
0.0003458
0.0002601
0.0002565
0.0005133
0.0004125
0.0002457
0.0002232
0.0003362
0.0005274
0.0002975
0.0005702
0.0004748
0.0003669
0.0003893
0.0004074
0.0003654
0.0005463
0.0004426
0.0005105
0.0006245
0.0005478
0.0005592
0.0005031
0.0008063
0.0007678
0.0007917
0.0007747
0.000681
0.0007746
0.0005439
0.0005317
0.0004809
0.0006923
0.000531
0.0005148
0.0008589
0.0004668
0.0005347
0.0004351
0.0004689
0.0004923
0.0004949
0.0004773
0.0003621
0.0003091
0.0002916
0.0003622
0.0004029
0.0003535
0.0003951
0.0002992
0.0003573
0.0003743
0.0003926
0.0003345
0.0003255
0.0003563
0.0003248
0.0003069
0.0004006
0.0002462
0.0002399
0.0002872
0.0002761
0.0002848
0.0003748
0.000295
0.0002872
0.0003055
0.0003759
0.0004113
0.0003007
0.000312
0.0003214
0.0002896
0.0004326
0.0002492
0.0003124
0.0004041
0.0005389
0.0004618
0.0004076
0.0003557
0.0004067
0.0003781
0.0002725
0.0002983
0.0002949
0.0002973
0.0002853
0.0003656
0.0002584
0.0003784
0.0002899
0.0003538
0.0005244
0.0004811
0.0004489
0.0007228
0.0004612
0.0004325
0.0006169
0.0005443
0.0005655
0.0005485
0.0004805
0.0004991
0.0005056
0.0005386
0.0005185
0.0005077
0.000531
0.0005182
0.0004987
0.0005113
0.0004899
0.0004494
0.0004287
0.00043
0.0004666
0.0003731
0.0004157
0.0003134
0.0003228
0.0004634
0.0005528
0.0005546
0.0005654
0.0006046
0.0005652
0.0004181
0.0004597
0.0009827
0.0008461
0.0007123
0.0005456
0.0004551
0.0005191
0.0005377
0.000458
0.0004892
0.0004885
0.00067
0.0005364
0.0004427
0.0004258
0.000367
0.0003683
0.0003756
0.000341
0.0003797
0.0003356
0.0003908
0.0003461
0.0003035
0.0003629
0.0003969
0.0004173
0.0004226
0.0004249
0.0006824
0.0004406
0.0004902
0.000455
0.0004084
0.0005356
0.000373
0.0003875
0.0003459
0.0004485
0.0003201
0.0003392
0.0003262
0.0008559
0.0004378
0.0004106
0.0004758
0.0003409
0.0005133
0.000312
0.0005101
0.0005563
0.0004771
0.0003041
0.0005197
0.0005843
0.0003596
0.0003605
0.0003798
0.0003373
0.0003843
0.0003321
0.0003171
0.0003575
0.000345
0.0003668
0.0003402
0.0003568
0.0003944
0.0004312
0.000434
0.0003487
0.0004491
0.0006321
0.0004843
0.0006445
0.000964
0.0006047
0.0005576
0.0005524
0.0004195
0.0005643
0.0004351
0.0004597
0.0004778
0.0005236
0.0005638
0.0006956
0.0005505
0.0005398
0.0006263
0.0005035
0.000515
0.0005091
0.000494
0.0004698
0.000471
0.0004802
0.0004956
0.00047
0.0004905
0.000423
0.0004342
0.0003946
0.0005769
0.0003879
0.0005044
0.0003767
0.0003488
0.0005081
0.0003927
0.0003904
0.0004274
0.0003173
0.0002845
0.0003266
0.0003225
0.000384
0.0003374
0.0003258
0.0004189
0.0003343
0.0003464
0.0003052
0.0002992
0.0003912
0.0002959
0.0003461
0.0003435
0.0003154
0.000311
0.0003094
0.0004269
0.0004635
0.0004356
0.0004721
0.0003894
0.0006378
0.0003182
0.000415
0.0004119
0.0004415
0.0003246
0.0004307
0.0003038
0.0003324
0.0004742
0.0004089
0.0004803
0.0003978
0.0004269
0.0004865
0.000412
0.0003757
0.0004605
0.0003654
0.0003143
0.0002838
0.0003439
0.0003849
0.0003566
0.0004041
0.000282
0.0003684
0.000337
0.0003991
0.0003266
0.0003961
0.0003687
0.0003559
0.0003707
0.0003649
0.0003573
0.0003181
0.0003452
0.000411
0.0004522
0.0005148
0.0006787
0.0003817
0.0005407
0.0004018
0.0004498
0.0003765
0.0005304
0.0004725
0.0003966
0.0007658
0.0004821
0.0005314
0.0003745
0.000397
0.000517
0.0005213
0.0005212
0.0005441
0.0004695
0.0006308
0.0005383
0.0006198
0.0004367
0.0004869
0.000451
0.0004911
0.0008784
0.0005237
0.000501
0.0005215
0.0005234
0.0004935
0.0007838
0.0004885
0.0005277
0.0004581
0.0003906
0.0003625
0.0003257
0.0003294
0.0003733
0.000338
0.0004091
0.0004511
0.0004956
0.0004658
0.0003902
0.0005074
0.0003506
0.000359
0.0003183
0.0003201
0.0003471
0.0002862
0.0004502
0.000348
0.0003761
0.000389
0.0004078
0.0003073
0.0003202
0.0003688
0.0003676
0.0003265
0.0003243
0.0002771
0.0002868
0.000287
0.0002979
0.0002965
0.0002912
0.0002848
0.0003255
0.0003019
0.0003824
0.0005008
0.0005075
0.0004797
0.0002973
0.0003438
0.0002402
0.0004218
0.0005301
0.0003273
0.000312
0.0004269
0.000393
0.000317
0.0003606
0.0005492
0.0004919
0.0006385
0.0007268
0.0004596
0.0005217
0.0005707
0.0005332
0.0004063
0.0004752
0.0004605
0.0006124
0.000487
0.0004468
0.0004104
0.0004859
0.0003996
0.0003954
0.0005468
0.0003074
0.0006051
0.0003212
0.0005453
0.0005731
0.0004336
0.0003804
0.0007533
0.0007785
0.0006701
0.00101
0.000486
0.000599
0.0009011
0.0004992
0.0006504
0.0006845
0.00045
0.0005531
0.0005127
0.000308
0.0003451
0.0005952
0.0003344
0.0002872
0.0002898
0.0003437
0.0002584
0.0002983
0.0003111
0.0002751
0.0003116
0.0002646
0.0002296
0.0003214
0.0003964
0.0003218
0.0003622
0.0005044
0.0004083
0.0003772
0.0003487
0.0004278
0.0003105
0.000332
0.0004559
0.0007018
0.0003792
0.0003545
0.0003629
0.0004074
0.0004713
0.0003613
0.0002775
0.0003603
0.0005342
0.0004582
0.000558
0.0005753
0.0004101
0.0005547
0.0003759
0.0003853
0.0006685
0.0003873
0.0002997
0.0006173
0.0003311
0.0003892
0.0003409
0.0002964
0.0003129
0.0006737
0.0004925
0.0007279
0.000385
0.0004266
0.0004051
0.0004316
0.0004274
0.0005204
0.0005893
0.0005724
0.0008197
0.0003718
0.0004714
0.0003723
0.0003568
0.0004464
0.0004411
0.0004559
0.0003744
0.0005004
0.0003787
0.0003353
0.0005802
0.0003399
0.0003242
0.0005081
0.000309
0.0004281
0.0004575
0.0003954
0.0003587
0.0003626
0.0004158
0.000551
0.0006529
0.0005368
0.0004936
0.0005221
0.0004122
0.0006158
0.0004857
0.0004048
0.0003587
0.0003054
0.0004116
0.0004865
0.0003967
0.0003864
0.000465
0.0004724
0.0006889
0.0004767
0.0005183
0.000428
0.0004514
0.000481
0.0005134
0.0008438
0.0004021
0.0004453
0.0006551
0.0008424
0.000448
0.0004406
0.0005736
0.00047
0.0004494
0.000539
0.0004902
0.0005009
0.0004196
0.0004928
0.000437
0.0004837
0.0004542
0.0004762
0.0003623
0.0003394
0.0003346
0.0004162
0.000378
0.0003039
0.0003021
0.0002863
0.0002963
0.0002924
0.0002802
0.0002442
0.0002517
0.0002294
0.0002479
0.0002404
0.0003174
0.0002849
0.0002853
0.0002853
0.0002449
0.0002464
0.0002125
0.0002694
0.0004087
0.0002174
0.0002198
0.0002041
0.0002182
0.0003628
0.0002525
0.0002431
0.0002378
0.0002019
0.0001986
0.0002368
0.0002703
0.0002465
0.0002435
0.0002725
0.0002351
0.0002074
0.0002096
0.0002772
0.0002073
0.0002072
0.0002292
0.0002416
0.000253
0.000173
0.0002081
0.0001985
0.0002128
0.0002486
0.0002129
0.0002067
0.0002923
0.0002461
0.0002642
0.0002576
0.0003205
0.0001703
0.0002714
0.0002686
0.0001976
0.0002463
0.0001985
0.0003213
0.0002254
0.0002619
0.0004171
0.0001826
0.0003402
0.000264
0.0003101
0.0001996
0.0002051
0.0002433
0.0002276
0.0001837
0.0002021
0.0002538
0.0002138
0.0002652
0.0003344
0.0002448
0.0002319
0.0003381
0.0001867
0.0002428
0.00024
0.0002063
0.000189
0.0002334
0.0002026
0.0002674
0.0002348
0.0002148
0.0002215
0.0002336
0.0003717
0.0002501
0.0002469
0.0002805
0.0002191
0.0003269
0.000306
0.0002847
0.0003049
0.0003977
0.0002629
0.0003705
0.0002883
0.0002753
0.0002732
0.0003205
0.000263
0.0003483
0.0003293
0.000214
0.0002071
0.0002301
0.0002786
0.000267
0.0002339
0.000196
0.0002434
0.0003045
0.000274
0.0004994
0.0003614
0.0002398
0.0003118
0.000294
0.0004708
0.0003417
0.000286
0.0004045
0.000311
0.0002867
0.0002793
0.0002839
0.0003176
0.0003518
0.0003328
0.000302
0.0002355
0.0002577
0.0002951
0.0002921
0.000267
0.000268
0.0003294
0.0003075
0.0002407
0.0002022
0.0003381
0.0001914
0.0001866
0.0002569
0.0002943
0.0003114
0.0003653
0.0002867
0.0002573
0.0003101
0.0002958
0.0002249
0.0002322
0.000207
0.0002302
0.0002667
0.000284
0.0005141
0.0002806
0.0002913
0.0002659
0.0003254
0.0002586
0.0003771
0.0002865
0.0005842
0.0004503
0.0004218
0.0003757
0.0003552
0.0003832
0.0003292
0.0002948
0.0002324
0.0002111
0.0003124
0.0003238
0.0003685
0.0003288
0.0002768
0.0003693
0.000319
0.0002949
0.0002557
0.0003822
0.0003625
0.0002657
0.0003418
0.0003038
0.0003465
0.0004003
0.0004443
0.0004635
0.0004266
0.0002553
0.0002626
0.0001931
0.000264
0.0002843
0.0002859
0.0002361
0.0004946
0.0003658
0.000329
0.0003219
0.0002725
0.0004082
0.0003088
0.0003
0.0003777
0.0002545
0.0002328
0.0003014
0.0002903
0.0002839
0.0002575
0.0003189
0.0003728
0.0003641
0.0003351
0.0006095
0.0002503
0.0004648
0.000249
0.0003189
0.0003223
0.0004147
0.0003592
0.000218
0.0003165
0.0002768
0.0002313
0.0002703
0.0002873
0.0003324
0.0002798
0.0003588
0.000245
0.0002455
0.0002865
0.0003057
0.0003402
0.000233
0.0003663
0.0002276
0.0003186
0.0003495
0.0003683
0.0002354
0.0002391
0.0002968
0.0002663
0.0002307
0.0002353
0.0002807
0.0001899
0.00022
0.0002006
0.0001683
0.0001854
0.0001715
0.000234
0.0002686
0.0002357
0.0003193
0.0002167
0.0003089
0.0002966
0.0002745
0.0002864
0.0002779
0.0003167
0.0002194
0.000221
0.0001928
0.0002283
0.0003818
0.0002866
0.000224
0.0002903
0.000347
0.0003597
0.0005495
0.0003995
0.0001753
0.0003133
0.0003696
0.0005121
0.0002574
0.0002934
0.00023
0.0003155
0.0003192
0.0003299
0.0004992
0.0005197
0.0004444
0.0002385
0.0003875
0.0006843
0.0004099
0.0005107
0.0003311
0.0003186
0.0003599
0.0005658
0.0003958
0.0003207
0.0003563
0.0002153
0.0003265
0.0004614
0.0003216
0.0002993
0.0004723
0.000366
0.0003502
0.0003427
0.000382
0.0005767
0.0006704
0.0004646
0.0005127
0.0005232
0.0004177
0.0006817
0.0004373
0.0006378
0.0005152
0.0005224
0.0008589
0.0004921
0.0009079
0.0004595
0.0004745
0.0006318
0.0004943
0.0006485
0.0005358
0.0004453
0.000402
0.000441
0.0006595
0.0009596
0.0007679
0.0004555
0.0005716
0.000776
0.0007079
0.0006024
0.0005166
0.0004929
0.000469
0.0006416
0.0005203
0.0005465
0.000495
0.00046
0.000472
0.000454
0.0004046
0.0003821
0.0004271
0.0005138
0.0004545
0.0004717
0.0005013
0.0004476
0.000469
0.0004483
0.0003983
0.0003909
0.0003416
0.0005411
0.0004492
0.0004238
0.0003979
0.0003943
0.0004585
0.0004355
0.0004665
0.0004228
0.0004371
0.0003522
0.0003501
0.000499
0.0003433
0.0003509
0.0003573
0.0003789
0.0004598
0.0004971
0.0004138
0.0003906
0.0003619
0.0004646
0.0004456
0.0004378
0.0004505
0.0004099
0.0004734
0.0004996
0.0004432
0.000447
0.0006012
0.0005867
0.00057
0.0005916
0.000613
0.0004076
0.0004455
0.0003579
0.0005436
0.0005172
0.0003785
0.0004275
0.0003824
0.0004069
0.0003309
0.0004606
0.0004657
0.0004632
0.000503
0.0003621
0.0003119
0.0004262
0.0004578
0.0004429
0.0004401
0.0006104
0.0004196
0.0004368
0.0004985
0.0005388
0.0005258
0.0005425
0.0006396
0.0005359
0.0004429
0.0004385
0.0007546
0.0005304
0.0006285
0.0007782
0.0004798
0.000408
0.0003699
0.0003314
0.0002997
0.0003792
0.0005046
0.0003593
0.0004503
