793 0.007434
702 0.007577
869 0.00513
1041 0.005561
1149 0.01158
1145 0.007003
984 0.005946
855 0.007609
606 0.003785
719 0.004354
738 0.00439
862 0.005185
884 0.005482
742 0.00428
720 0.004531
641 0.004164
739 0.004638
624 0.004375
572 0.003877
692 0.004265
725 0.004538
770 0.004441
684 0.004346
752 0.00723
833 0.005653
778 0.005489
755 0.006166
727 0.004487
761 0.00721
812 0.004936
774 0.004826
732 0.004754
740 0.004313
705 0.004691
681 0.004468
654 0.004135
705 0.007041
866 0.005487
862 0.005537
805 0.004849
800 0.004964
813 0.007416
788 0.004989
770 0.004703
738 0.004428
708 0.004508
674 0.004705
670 0.004202
644 0.004118
604 0.006741
578 0.003805
584 0.004147
709 0.004459
709 0.004732
711 0.004076
832 0.005345
817 0.006916
769 0.004836
807 0.005069
814 0.005312
971 0.009209
895 0.005964
1017 0.006705
920 0.00592
796 0.005874
717 0.005326
690 0.005183
701 0.00499
668 0.004868
650 0.004588
675 0.004805
801 0.005401
803 0.014
827 0.005255
856 0.005157
818 0.005198
816 0.007589
894 0.004959
934 0.005427
960 0.005722
900 0.00517
877 0.007443
1021 0.005788
1060 0.008896
975 0.006314
1044 0.009563
1111 0.006733
1134 0.006617
1070 0.006279
1175 0.01028
1219 0.007738
1113 0.009503
1020 0.006998
925 0.006155
906 0.0334
927 0.005571
899 0.008061
1011 0.009206
934 0.005645
810 0.004574
945 0.005825
883 0.005701
758 0.007992
698 0.004288
838 0.005681
866 0.005378
870 0.005664
835 0.005199
796 0.00522
754 0.005091
658 0.00588
733 0.007335
705 0.004931
703 0.004365
730 0.005005
668 0.004778
640 0.004754
620 0.007312
607 0.004619
609 0.004096
708 0.004869
676 0.004668
706 0.005173
777 0.005481
845 0.006945
789 0.005348
816 0.005853
826 0.005228
779 0.005374
741 0.004987
742 0.005129
754 0.006125
751 0.005122
695 0.005222
877 0.005955
802 0.005566
759 0.007154
723 0.005526
714 0.007065
725 0.004844
883 0.005768
806 0.005764
903 0.006431
832 0.006
811 0.005677
841 0.005412
794 0.005039
786 0.005192
924 0.009007
873 0.005862
768 0.008485
708 0.005366
801 0.008401
749 0.005392
667 0.005051
669 0.007678
629 0.004954
627 0.004473
660 0.004701
696 0.007584
703 0.005367
696 0.004683
664 0.004646
804 0.008306
784 0.004917
769 0.007563
794 0.004991
756 0.004521
672 0.006543
792 0.005338
765 0.005628
765 0.005522
809 0.00598
769 0.004969
734 0.004783
716 0.005022
746 0.005072
773 0.007851
972 0.006116
938 0.009424
869 0.006011
829 0.005521
802 0.005391
973 0.009335
925 0.005944
898 0.005772
850 0.005721
843 0.005284
816 0.00684
803 0.005156
793 0.004949
782 0.004499
782 0.004816
781 0.005087
759 0.004668
948 0.006095
967 0.006358
939 0.005214
868 0.005848
915 0.008035
929 0.005806
909 0.005243
847 0.005161
811 0.004966
766 0.004833
949 0.006399
913 0.005955
871 0.006475
800 0.005128
758 0.004783
804 0.005125
870 0.005005
1045 0.006803
1149 0.007489
1063 0.006488
1029 0.009515
978 0.006512
927 0.005871
881 0.008391
820 0.005413
784 0.005207
792 0.004902
957 0.005966
972 0.008886
947 0.008846
896 0.005933
819 0.005144
767 0.004909
950 0.005925
922 0.005756
838 0.008106
970 0.008773
924 0.008273
1059 0.006033
1089 0.006624
1082 0.009608
937 0.005996
876 0.005535
1079 0.007802
987 0.006562
896 0.007363
792 0.008265
889 0.005352
834 0.007472
850 0.004945
979 0.007775
962 0.005435
988 0.008566
970 0.005864
998 0.006354
885 0.005365
895 0.005894
885 0.005295
847 0.005171
778 0.004746
729 0.004725
882 0.006355
852 0.005941
819 0.005418
941 0.009258
892 0.006127
824 0.00784
770 0.005397
695 0.004865
677 0.005056
778 0.005819
717 0.005648
836 0.006599
804 0.008839
754 0.005626
824 0.008603
970 0.007032
934 0.006711
863 0.00865
829 0.005795
802 0.005951
793 0.004536
701 0.004502
885 0.005735
860 0.005964
831 0.005836
789 0.005346
939 0.006593
1114 0.01131
1057 0.007528
1021 0.008166
925 0.006602
829 0.006155
741 0.005634
830 0.006089
779 0.00853
705 0.004962
841 0.006116
801 0.005703
774 0.005714
788 0.007616
936 0.006617
909 0.006034
853 0.005541
800 0.005133
736 0.004776
701 0.00787
678 0.004526
822 0.005462
811 0.005413
799 0.004174
781 0.005648
700 0.005473
653 0.004827
610 0.00435
596 0.004265
742 0.008014
724 0.005323
696 0.007927
848 0.006205
831 0.008659
754 0.005521
707 0.007931
699 0.005102
846 0.006215
826 0.005573
798 0.005625
766 0.00522
748 0.005367
949 0.006436
950 0.0056
1133 0.009833
1084 0.00661
972 0.006299
896 0.005933
875 0.005854
995 0.009077
979 0.006186
936 0.006393
928 0.005782
912 0.005712
889 0.007544
1066 0.00621
984 0.006514
878 0.005376
948 0.005944
793 0.005063
840 0.005971
782 0.005449
884 0.005817
848 0.005557
774 0.005386
692 0.00441
632 0.006251
738 0.005341
713 0.007824
833 0.005904
814 0.005985
902 0.006747
833 0.006094
764 0.005564
760 0.007849
801 0.005478
766 0.007581
732 0.0054
745 0.005602
887 0.005919
811 0.005452
731 0.005435
674 0.007247
635 0.004276
617 0.003957
625 0.00663
740 0.007254
734 0.004943
763 0.005313
744 0.005007
905 0.005853
843 0.005579
846 0.005378
767 0.005068
725 0.005235
739 0.00494
841 0.005969
791 0.008427
729 0.005367
670 0.004884
766 0.005879
735 0.005204
714 0.007983
682 0.00523
632 0.004877
617 0.004953
748 0.005351
734 0.007649
731 0.005268
745 0.005053
763 0.004812
948 0.006071
939 0.006114
905 0.005676
891 0.005439
904 0.006156
890 0.008228
849 0.005122
1008 0.006686
929 0.006201
844 0.005306
949 0.006878
904 0.006432
835 0.005658
822 0.005872
775 0.00785
725 0.004579
827 0.00552
779 0.007332
703 0.004637
713 0.00451
714 0.004515
718 0.004388
724 0.004776
870 0.007651
792 0.005622
709 0.004776
724 0.005248
697 0.005005
682 0.005216
635 0.004719
603 0.004695
551 0.007271
656 0.004839
585 0.004608
499 0.004628
489 0.004522
503 0.004417
579 0.006616
638 0.004547
775 0.008423
881 0.008377
832 0.00955
768 0.005349
640 0.005455
554 0.006612
494 0.004438
457 0.00441
569 0.006953
575 0.004455
576 0.004213
753 0.005217
749 0.006518
862 0.005794
837 0.006378
742 0.008037
674 0.004146
762 0.005719
721 0.006068
670 0.005569
621 0.004675
589 0.0047
592 0.004116
739 0.005574
708 0.007681
646 0.007648
598 0.005012
583 0.00439
593 0.006723
615 0.004669
635 0.00441
663 0.006811
655 0.004631
653 0.004527
760 0.004844
673 0.004778
744 0.008913
709 0.005471
695 0.007638
691 0.005196
710 0.005599
727 0.00476
726 0.004452
838 0.004937
980 0.006279
933 0.008972
786 0.005358
621 0.005103
452 0.003757
410 0.003577
393 0.003234
574 0.004841
744 0.004748
929 0.006228
852 0.005318
795 0.004687
1026 0.007338
1118 0.009753
1190 0.009991
1142 0.0071
1198 0.007342
1113 0.006856
1046 0.00623
950 0.005783
1159 0.007329
1115 0.006566
996 0.005496
1136 0.007056
1061 0.01022
937 0.008957
1035 0.006858
1022 0.006744
964 0.007043
877 0.006005
983 0.006211
913 0.006053
1006 0.006783
938 0.006511
844 0.005617
745 0.008138
763 0.005805
756 0.005423
822 0.006643
781 0.005676
734 0.00528
702 0.005012
620 0.004849
612 0.004732
717 0.007787
677 0.004862
632 0.004035
708 0.004718
629 0.004497
565 0.004284
676 0.004731
671 0.004825
657 0.004771
626 0.004307
732 0.00501
656 0.004228
588 0.007031
556 0.004095
645 0.004831
615 0.00445
551 0.006944
536 0.004709
505 0.004207
607 0.005047
584 0.004749
602 0.00472
614 0.007134
615 0.004371
745 0.00522
709 0.005334
606 0.004426
553 0.004268
528 0.004054
642 0.005094
636 0.004794
611 0.004685
611 0.004513
600 0.004368
710 0.005028
687 0.004582
628 0.007146
596 0.00422
619 0.007012
612 0.004403
559 0.004538
642 0.004898
560 0.004635
521 0.004522
500 0.00475
612 0.004732
604 0.004112
570 0.004302
662 0.005137
596 0.005052
573 0.004602
553 0.004203
674 0.005125
679 0.005155
816 0.006272
800 0.00629
735 0.005297
688 0.005289
631 0.004945
705 0.005436
638 0.004831
594 0.004698
585 0.004645
569 0.004426
565 0.003917
573 0.004448
577 0.004354
568 0.00446
593 0.004418
598 0.004907
762 0.005198
737 0.0053
679 0.00485
653 0.004885
625 0.004543
624 0.004589
622 0.007311
654 0.004644
644 0.006826
623 0.004404
627 0.004244
797 0.005378
769 0.005133
898 0.008146
872 0.005657
841 0.005875
851 0.005632
804 0.005209
754 0.004839
880 0.006011
729 0.005322
620 0.004878
680 0.004924
683 0.005016
727 0.005341
697 0.005189
714 0.005246
898 0.006294
907 0.006262
916 0.00604
910 0.006088
924 0.006398
956 0.006016
951 0.006391
897 0.005715
841 0.004963
815 0.007867
993 0.006152
957 0.008391
960 0.006148
1116 0.01048
1236 0.008251
1106 0.006984
1080 0.007266
1078 0.006614
996 0.006016
1083 0.009593
1008 0.006746
941 0.005946
1012 0.006874
934 0.00651
979 0.008845
859 0.005282
800 0.005614
717 0.005024
652 0.004823
738 0.005185
667 0.004969
693 0.004942
682 0.004636
648 0.007072
665 0.00444
815 0.005366
778 0.00503
678 0.004781
678 0.004712
653 0.00776
663 0.005033
744 0.004665
926 0.005816
863 0.00812
766 0.005341
724 0.004804
903 0.009106
1061 0.01037
1031 0.007209
1023 0.007607
972 0.007257
922 0.006547
909 0.006317
831 0.005924
760 0.005884
729 0.005398
830 0.00605
739 0.005426
767 0.00513
746 0.005318
735 0.008096
880 0.006386
837 0.005942
802 0.005906
791 0.008509
796 0.005414
787 0.005482
743 0.004835
737 0.007282
773 0.005257
788 0.005145
834 0.005339
844 0.00498
1102 0.006743
1232 0.008719
1225 0.008327
1137 0.008637
1125 0.01104
1094 0.00797
1073 0.007975
1074 0.007503
1074 0.01009
1032 0.006927
1025 0.01007
1004 0.006133
1120 0.007259
1009 0.006176
973 0.006877
965 0.005874
954 0.006038
939 0.005636
943 0.005518
897 0.00768
876 0.005131
867 0.005281
1040 0.007123
1012 0.005957
966 0.005613
968 0.005677
1170 0.007734
1129 0.007136
1045 0.006557
1028 0.006322
997 0.009902
928 0.005603
890 0.005813
1036 0.006135
991 0.006489
902 0.006243
847 0.006038
851 0.005054
