0.003651
0.01914
0.003794
0.01534
0.003889
0.01733
0.004191
0.02956
0.005884
0.02391
0.005804
0.01829
0.005799
0.01908
0.003949
0.01455
0.01713
0.0158
0.02059
0.02028
0.0156
0.0167
0.01573
0.003967
0.01575
0.003873
0.01528
0.003751
0.01424
0.004245
0.0145
0.004734
0.01517
0.003569
0.01556
0.003684
0.01401
0.005481
0.01713
0.00397
0.01642
0.003554
0.01987
0.004859
0.01802
0.003646
0.0163
0.01822
0.01596
0.01662
0.01753
0.01759
0.01568
0.003477
0.01652
0.00353
0.01474
0.01778
0.01673
0.01734
0.01717
0.01646
0.01886
0.01623
0.01598
0.01736
0.01531
0.01619
0.01502
0.01581
0.003475
0.01659
0.01392
0.00349
0.0135
0.003472
0.01477
0.003485
0.01598
0.00345
0.01413
0.003528
0.01625
0.00446
0.01788
0.003578
0.0163
0.01823
0.01627
0.02147
0.01882
0.02043
0.01828
0.02269
0.02151
0.01795
0.02078
0.003283
0.01686
0.02054
0.003403
0.01493
0.003391
0.018
0.003596
0.02582
0.01708
0.004526
0.01645
0.003577
0.019
0.003515
0.01846
0.003836
0.01638
0.005172
0.01823
0.003516
0.01977
0.003512
0.01815
0.003909
0.01796
0.003462
0.01845
0.003465
0.02458
0.004785
0.0211
0.02197
0.003798
0.01896
0.01928
0.003916
0.01999
0.004921
0.02174
0.00383
0.02324
0.004244
0.02196
0.003836
0.02098
0.003652
0.01765
0.003563
0.04975
0.01817
0.0196
0.02202
0.003742
0.01891
0.01637
0.01787
0.004061
0.0193
0.003427
0.01901
0.01708
0.01923
0.01713
0.01938
0.01814
0.01694
0.01812
0.003672
0.01704
0.003506
0.01789
0.01596
0.01719
0.01664
0.01566
0.01723
0.004203
0.01744
0.01518
0.01666
0.003622
0.01605
0.003352
0.01671
0.0182
0.01689
0.02027
0.01908
0.01829
0.01751
0.017
0.01629
0.01714
0.01891
0.01925
0.02252
0.01944
0.01843
0.01944
0.003383
0.01637
0.0181
0.01573
0.0192
0.01874
0.01874
0.02067
0.01763
0.01941
0.01876
0.01687
0.02126
0.01821
0.02028
0.01662
0.0202
0.01897
0.01653
0.01897
0.01598
0.01681
0.0157
0.01907
0.01714
0.01772
0.01524
0.02008
0.01681
0.02321
0.003529
0.01936
0.02011
0.01718
0.01823
0.01768
0.01929
0.01881
0.003664
0.01755
0.01828
0.004984
0.01745
0.0164
0.02241
0.02012
0.02241
0.01833
0.0199
0.01647
0.02201
0.01926
0.01988
0.01784
0.01925
0.01951
0.01734
0.01646
0.01916
0.01981
0.01816
0.01615
0.02022
0.01969
0.01932
0.0183
0.02056
0.02034
0.01848
0.01851
0.01689
0.01956
0.02294
0.02072
0.01935
0.003723
0.01954
0.003366
0.01679
0.003513
0.01616
0.003623
0.01683
0.003587
0.01938
0.003686
0.02163
0.00357
0.02048
0.00371
0.02206
0.003558
0.002986
0.01906
0.003582
0.002971
0.01768
0.003421
0.003183
0.02488
0.005569
0.002898
0.01876
0.003542
0.00292
0.01659
0.003477
0.002935
0.01568
0.003405
0.01984
0.003622
0.02141
0.003593
0.0224
0.003529
0.01775
0.003457
0.01651
0.003639
0.01569
0.003557
0.01808
0.003712
0.01825
0.003394
0.02016
0.003537
0.02073
0.003324
0.01959
0.02036
0.02139
0.02257
0.01876
0.01706
0.02203
0.004
0.01852
0.003773
0.01906
0.003632
0.01938
0.004936
0.01822
0.003485
0.01856
0.003513
0.01715
0.003511
0.01959
0.003445
0.01943
0.02546
0.02224
0.022
0.01746
0.02006
0.01759
0.01867
0.01663
0.01548
0.0187
0.01787
0.0186
0.02206
0.01949
0.02028
0.01741
0.01857
0.01769
0.02048
0.01842
0.01965
0.003561
0.02031
0.01724
0.02066
0.02003
0.02034
0.02152
0.02034
0.01988
0.01635
0.01725
0.01958
0.02021
0.01984
0.01843
0.01877
0.02531
0.02133
0.02322
0.02116
0.01842
0.01906
0.01826
0.02093
0.0167
0.0204
0.01954
0.01771
0.01936
0.01934
0.01893
0.02174
0.01737
0.01684
0.01964
0.01561
0.0195
0.01801
0.01665
0.01974
0.01759
0.01855
0.01567
0.01628
0.02071
0.01949
0.01911
0.01871
0.02122
0.01947
0.01983
0.0164
0.02028
0.01789
0.0035
0.01878
0.01719
0.01924
0.01948
0.01965
0.02339
0.02173
0.004914
0.02105
0.003616
0.02037
0.003417
0.01806
0.004486
0.02149
0.003564
0.02048
0.005139
0.02035
0.003468
0.02366
0.00372
0.02301
0.005015
0.01854
0.00349
0.02066
0.003486
0.02046
0.003401
0.01846
0.003504
0.01855
0.004656
0.01869
0.003372
0.01881
0.003323
0.018
0.003488
0.01816
0.003304
0.017
0.003557
0.01866
0.003321
0.01695
0.003388
0.01691
0.003213
0.01835
0.01893
0.02004
0.01779
0.003606
0.02112
0.003532
0.02059
0.01788
0.01954
0.01745
0.01989
0.02464
0.01875
0.01885
0.01992
0.02057
0.01946
0.003328
0.01683
0.01504
0.003467
0.01666
0.003232
0.01817
0.01869
0.01886
0.003674
0.01739
0.01915
0.00388
0.01866
0.00353
0.01931
0.003491
0.01858
0.01787
0.003778
0.0176
0.0199
0.02135
0.01746
0.01784
0.02068
0.01888
0.02027
0.003493
0.01833
0.02289
0.01611
0.003583
0.02049
0.004228
0.01921
0.03029
0.003493
0.01683
0.01771
0.02057
0.01915
0.02023
0.01839
0.02042
0.02097
0.01721
0.02195
0.02098
0.01731
0.022
0.02103
0.01837
0.01913
0.02005
0.0171
0.02027
0.01997
0.01638
0.0184
0.01734
0.01642
0.01661
0.02033
0.02065
0.01824
0.01984
0.01848
0.01895
0.01648
0.01956
0.01841
0.01646
0.01675
0.02057
0.01999
0.0187
0.01837
0.01807
0.02006
0.02164
0.02252
0.01926
0.01764
0.01818
0.0158
0.01761
0.01854
0.0186
0.01672
0.01938
0.01923
0.01998
0.02146
0.02079
0.01643
0.02119
0.02359
0.01982
0.01657
0.0181
0.01754
0.01954
0.01978
0.01984
0.0224
0.02121
0.02193
0.02149
0.02008
0.01861
0.01817
0.01565
0.0172
0.01949
0.02123
0.01931
0.01956
0.01722
0.003656
0.01907
0.003524
0.01847
0.003788
0.01813
0.00495
0.01609
0.003539
0.02468
0.004876
0.0221
0.00347
0.02019
0.00367
0.02053
0.003518
0.03522
0.003241
0.005351
0.01351
0.003146
0.002796
0.003866
0.01332
0.004192
0.002746
0.00259
0.003483
0.01678
0.003551
0.003173
0.004216
0.003054
0.002704
0.01609
0.003667
0.002956
0.003178
0.003103
0.003065
0.002878
0.002673
0.002893
0.002904
0.002941
0.003251
0.003173
0.003085
0.003255
0.004918
0.003146
0.005459
0.003066
0.003053
0.002946
0.003042
0.002946
0.002792
0.004089
0.003045
0.004393
0.002946
0.003145
0.002889
0.003137
0.003844
0.005186
0.003229
0.00303
0.009884
0.005006
0.0042
0.003358
0.003415
0.003324
0.00347
0.003211
0.003147
0.003172
0.003027
0.003184
0.003041
0.003197
0.00319
0.003013
0.002944
0.002994
0.002969
0.003032
0.002937
0.003659
0.002909
0.002994
0.003139
0.004118
0.003904
0.003118
0.002907
0.004163
0.003803
0.003196
0.003337
0.0201
0.00374
0.003226
0.003139
0.00315
0.003242
0.01881
0.007552
0.003383
0.003502
0.021
0.003706
0.004049
0.02194
0.004578
0.00342
0.02429
0.004176
0.02446
0.003867
0.0208
0.003747
0.02325
0.004763
0.02536
0.004042
0.02214
0.0184
0.02159
0.003835
0.02394
0.01855
0.02304
0.02405
0.02143
0.02134
0.02181
0.02658
0.02455
0.02131
0.01912
0.02279
0.01991
0.01954
0.0203
0.02689
0.01758
0.01982
0.01834
0.01882
0.01886
0.01726
0.02051
0.02044
0.01848
0.01935
0.01761
0.01873
0.01722
0.0185
0.0168
0.01734
0.01764
0.01729
0.0187
0.01928
0.01559
0.01708
0.0175
0.01853
0.01627
0.01557
0.0187
0.01973
0.01794
0.01976
0.01739
0.01783
0.01869
0.01794
0.01605
0.01804
0.02054
0.01737
0.00347
0.01641
0.01835
0.01922
0.01811
0.01855
0.0192
0.01781
0.01895
0.0163
0.01822
0.01878
0.01936
0.02149
0.02133
0.0187
0.01854
0.0159
0.02003
0.01913
0.01911
0.01542
0.0192
0.01904
0.01922
0.02021
0.02206
0.02084
0.01879
0.02066
0.01729
0.01694
0.01697
0.01831
0.01652
0.01793
0.02005
0.01621
0.01795
0.01809
0.01894
0.01814
0.01727
0.01898
0.01748
0.01912
0.01937
0.01744
0.003516
0.01935
0.01952
0.01593
0.02176
0.01946
0.02157
0.01882
0.02026
0.02067
0.01992
0.01758
0.003484
0.0196
0.003357
0.01937
0.00336
0.01834
0.02135
0.01743
0.02003
0.00342
0.01749
0.003538
0.01811
0.006573
0.0208
0.003424
0.0226
0.003488
0.02014
0.003631
0.02485
0.003355
0.02104
0.003349
0.01907
0.003303
0.02144
0.005806
0.02107
0.00341
0.01942
0.003313
0.01968
0.003602
0.02044
0.003355
0.02801
0.003388
0.01891
0.003272
0.02319
0.003543
0.02585
0.0234
0.00575
0.0245
0.02178
0.003645
0.01999
0.02341
0.004455
0.02225
0.006561
0.02109
0.02505
0.0216
0.02272
0.01896
0.003543
0.01992
0.01851
0.003593
0.01676
0.0193
0.02025
0.02169
0.02228
0.01928
0.01721
0.003507
0.01983
0.005732
0.01702
0.003071
0.01692
0.004164
0.01656
0.003292
0.02364
0.004387
0.02073
0.01685
0.003487
0.02175
0.02106
0.01844
0.01724
0.02215
0.02492
0.02189
0.02352
0.0241
0.02389
0.02206
0.003504
0.02236
0.02088
0.004498
0.01895
0.003322
0.02025
0.005868
0.01771
0.003298
0.0173
0.005065
0.01745
0.003194
0.01988
0.0033
0.01932
0.003503
0.01912
0.02106
0.02236
0.01982
0.003677
0.01956
0.003421
0.01876
0.00328
0.01919
0.005485
0.0177
0.003338
0.01731
0.003242
0.01813
0.01929
0.003519
0.01984
0.003515
0.02389
0.003564
0.02425
0.003487
0.03203
0.004674
0.02504
0.003513
0.02588
0.003433
0.02405
0.003523
0.02159
0.003507
0.02882
0.005796
0.00385
0.02116
0.00357
0.02436
0.004829
0.02376
0.003472
0.02352
0.003391
0.005096
0.02136
0.003609
0.02211
0.003257
0.003037
0.02
0.003471
0.003268
0.00284
0.02282
0.00338
0.002905
0.01837
0.00375
0.0045
0.002845
0.0219
0.003536
0.002897
0.002829
0.02065
0.003464
0.002983
0.02031
0.003582
0.003063
0.01787
0.00494
0.02277
0.003594
0.004224
0.01961
0.003518
0.01976
0.004264
0.01912
0.003636
0.02464
0.003612
0.02361
0.003502
0.02212
0.00373
0.02543
0.003649
0.02382
0.003607
0.01906
0.004702
0.02053
0.003664
0.02087
0.00349
0.01995
0.004813
0.02173
0.003403
0.01897
0.00361
0.002962
0.01715
0.005871
0.002929
0.002831
0.002664
0.002545
0.002665
0.003935
0.00246
0.002491
0.004561
0.003237
0.002447
