0 0.999985 0.00173477 -0.00513749 0.00119631 -0.00171392 0.99999 0.00405961 -0.00535181 0.00514448 -0.00405075 0.999979 -0.00560729 
8 0.99217 0.000345859 0.124897 -0.388621 -0.00417325 0.99953 0.030384 -0.412055 -0.124828 -0.0306673 0.991704 -1.17645 
10 0.983242 -0.00426779 0.182257 -0.569149 -0.00374718 0.999042 0.0436092 -0.606429 -0.182269 -0.0435613 0.982283 -1.54947 
12 0.969859 -0.0151747 0.243196 -0.786967 -0.000398803 0.997959 0.0638602 -0.842952 -0.243668 -0.0620324 0.967873 -1.90256 
14 0.94853 -0.0248164 0.315714 -1.03474 0.00130718 0.997223 0.0744586 -1.07371 -0.316685 -0.0702135 0.945929 -2.28323 
16 0.924932 -0.0371358 0.378315 -1.2704 -6.20278e-05 0.995202 0.0978418 -1.39838 -0.380133 -0.0905204 0.920492 -2.68457 
18 0.895121 -0.0498556 0.443028 -1.43585 -0.00349265 0.992913 0.118793 -1.70998 -0.445811 -0.107881 0.888603 -2.94784 
20 0.847577 -0.0646718 0.526717 -1.74456 -0.00616344 0.99128 0.13163 -2.09147 -0.530637 -0.114813 0.839787 -3.19964 
22 0.796962 -0.0723077 0.599686 -2.01999 -0.0318555 0.986396 0.16127 -2.64033 -0.603189 -0.14763 0.783817 -3.38501 
24 0.730186 -0.108601 0.674562 -2.20342 -0.0259433 0.982168 0.186207 -3.15367 -0.682756 -0.153466 0.714348 -3.62879 
25 0.697039 -0.129456 0.705251 -2.22295 -0.0292082 0.977624 0.208321 -3.52337 -0.716438 -0.165807 0.677661 -3.74383 
26 0.654478 -0.140788 0.742857 -2.36318 -0.0459427 0.973289 0.224937 -3.88457 -0.754684 -0.181346 0.630528 -3.86978 
27 0.611167 -0.154832 0.77621 -2.49711 -0.0507617 0.970994 0.233654 -4.12938 -0.789872 -0.182203 0.58558 -4.01995 
28 0.565027 -0.17187 0.806973 -2.62555 -0.0577799 0.967419 0.246499 -4.47294 -0.823047 -0.185905 0.536687 -4.16735 
29 0.507013 -0.193552 0.839926 -2.81023 -0.0733133 0.961246 0.265764 -4.77771 -0.858815 -0.196323 0.473175 -4.2052 
30 0.455464 -0.210782 0.864941 -3.08832 -0.0736103 0.959323 0.272544 -5.0513 -0.887206 -0.187803 0.421422 -4.46435 
31 0.403766 -0.228996 0.885739 -3.29298 -0.0798977 0.955641 0.28349 -5.41046 -0.911367 -0.185232 0.367559 -4.79433 
33 0.291151 -0.26808 0.918349 -3.82194 -0.0851447 0.948865 0.303982 -5.84281 -0.952881 -0.166697 0.253438 -5.37998 
35 0.172072 -0.291384 0.941003 -4.42841 -0.0839324 0.947441 0.308725 -5.8505 -0.981502 -0.132104 0.138572 -5.94723 
37 0.0754656 -0.305015 0.949353 -4.89503 -0.0863507 0.946492 0.31096 -5.91765 -0.993402 -0.105444 0.0450894 -6.43982 
39 -0.00515163 -0.316882 0.948451 -5.32172 -0.0842859 0.945226 0.315347 -5.86921 -0.996428 -0.0783164 -0.0315781 -7.04083 
41 -0.0709756 -0.321411 0.944276 -5.7528 -0.0889945 0.944929 0.314943 -5.89564 -0.9935 -0.0616821 -0.0956707 -7.77461 
43 -0.118184 -0.326091 0.937922 -6.05861 -0.0937464 0.943987 0.316387 -5.93862 -0.988557 -0.0505348 -0.142134 -8.62364 
45 -0.146937 -0.326672 0.933646 -6.28219 -0.0947598 0.944199 0.315451 -5.93677 -0.984596 -0.0421206 -0.169693 -9.73831 
47 -0.162723 -0.330027 0.92984 -6.40235 -0.0912519 0.943396 0.318869 -5.88994 -0.982443 -0.0329622 -0.183628 -11.0037 
49 -0.168906 -0.32919 0.929034 -6.44593 -0.0901586 0.943786 0.318025 -5.86348 -0.9815 -0.0300442 -0.18909 -12.3051 
51 -0.167279 -0.32723 0.930021 -6.4351 -0.085054 0.944585 0.317056 -5.76895 -0.982234 -0.0260651 -0.185842 -13.95 
53 -0.163234 -0.330356 0.929634 -6.3683 -0.088736 0.94337 0.319656 -5.82278 -0.982589 -0.0303134 -0.183304 -15.6549 
55 -0.160003 -0.330691 0.930077 -6.29574 -0.0855851 0.943315 0.320674 -5.76024 -0.983399 -0.0282918 -0.179236 -17.2458 
56 -0.157895 -0.332028 0.92996 -6.25747 -0.0819591 0.942931 0.322744 -5.68912 -0.984049 -0.0252591 -0.176097 -18.1269 
57 -0.15615 -0.331995 0.930267 -6.22124 -0.079955 0.942978 0.32311 -5.63206 -0.984492 -0.0239257 -0.173791 -19.0227 
58 -0.153931 -0.33337 0.930145 -6.17409 -0.0806063 0.942464 0.324445 -5.64253 -0.984788 -0.0250334 -0.171946 -19.9837 
59 -0.152256 -0.335498 0.929655 -6.12236 -0.0836716 0.941621 0.326113 -5.70845 -0.984793 -0.0281332 -0.171439 -20.9024 
60 -0.150379 -0.336043 0.929764 -6.09379 -0.0846453 0.941382 0.326552 -5.73176 -0.984998 -0.0295935 -0.170009 -21.7432 
61 -0.15001 -0.333574 0.930712 -6.08257 -0.0822267 0.942312 0.324478 -5.65455 -0.985259 -0.0278545 -0.168785 -22.5298 
63 -0.147262 -0.330389 0.932286 -6.03506 -0.0778887 0.943509 0.322063 -5.52591 -0.986026 -0.025187 -0.164676 -24.3142 
65 -0.146437 -0.328552 0.933065 -6.02661 -0.0889645 0.943784 0.318365 -5.78873 -0.985211 -0.0363892 -0.167435 -25.8769 
66 -0.146784 -0.326467 0.933742 -6.04546 -0.0931238 0.944335 0.315532 -5.88964 -0.984775 -0.0406384 -0.169015 -26.6796 
67 -0.147563 -0.325397 0.933993 -6.06195 -0.0922186 0.944743 0.314573 -5.85477 -0.984744 -0.0397121 -0.169417 -27.5481 
68 -0.147704 -0.326581 0.933557 -6.03846 -0.0851044 0.944606 0.316981 -5.63578 -0.985363 -0.0326305 -0.167315 -28.477 
69 -0.148264 -0.327543 0.933131 -6.04028 -0.0784577 0.944481 0.319061 -5.42032 -0.985831 -0.025906 -0.165731 -29.421 
70 -0.148257 -0.329252 0.93253 -6.02762 -0.0730408 0.944021 0.321697 -5.23505 -0.986248 -0.020419 -0.164007 -30.3803 
71 -0.148308 -0.330897 0.93194 -6.01342 -0.0730325 0.943453 0.323363 -5.21378 -0.986241 -0.0201047 -0.164088 -31.2904 
72 -0.148734 -0.33092 0.931864 -6.01615 -0.0762846 0.943377 0.322833 -5.29578 -0.985931 -0.0230708 -0.165556 -32.1903 
73 -0.149214 -0.331339 0.931638 -6.02073 -0.0792028 0.943164 0.322753 -5.37794 -0.985628 -0.0256291 -0.166976 -33.0915 
74 -0.149067 -0.333194 0.931 -5.99941 -0.0784362 0.942537 0.324764 -5.33642 -0.985711 -0.0246125 -0.166636 -33.9831 
75 -0.148873 -0.33382 0.930807 -5.98657 -0.0761536 0.942371 0.325788 -5.2372 -0.98592 -0.0223832 -0.165715 -34.8753 
76 -0.148345 -0.33489 0.930507 -5.96325 -0.0779743 0.941949 0.326577 -5.27953 -0.985857 -0.0241097 -0.165846 -35.7422 
77 -0.147975 -0.335573 0.93032 -5.9411 -0.0833813 0.941559 0.326365 -5.45447 -0.98547 -0.0292776 -0.167307 -36.628 
78 -0.147636 -0.336507 0.930036 -5.92298 -0.0870961 0.941111 0.326688 -5.60618 -0.985199 -0.0327717 -0.16825 -37.2184 
80 -0.14672 -0.33508 0.930696 -5.88108 -0.0842943 0.941691 0.32575 -5.45062 -0.98558 -0.0306583 -0.16641 -39.2775 
81 -0.146137 -0.334637 0.930947 -5.84677 -0.079317 0.941984 0.326153 -5.24166 -0.98608 -0.0261768 -0.164201 -40.1479 
83 -0.14581 -0.334106 0.931189 -5.83805 -0.0698644 0.942376 0.32718 -4.8369 -0.986843 -0.0173509 -0.16075 -41.8082 
85 -0.145634 -0.333681 0.931369 -5.8157 -0.0749837 0.94242 0.325916 -5.00612 -0.986493 -0.0223731 -0.162269 -43.5505 
87 -0.144406 -0.33848 0.929827 -5.73335 -0.0821887 0.940532 0.329613 -5.29985 -0.986099 -0.028823 -0.163638 -45.1745 
89 -0.145427 -0.339406 0.92933 -5.76449 -0.0857247 0.940106 0.329927 -5.43469 -0.985648 -0.0316863 -0.165812 -46.8054 
91 -0.147726 -0.332467 0.931473 -5.87982 -0.0902567 0.942408 0.322056 -5.641 -0.984901 -0.0364957 -0.169226 -48.4226 
93 -0.151982 -0.330116 0.931625 -6.09747 -0.0801053 0.943588 0.321287 -5.1139 -0.985132 -0.0257983 -0.169852 -50.1138 
95 -0.155509 -0.328259 0.931699 -6.26763 -0.0770578 0.94433 0.319848 -4.91836 -0.984824 -0.0220556 -0.172146 -51.7973 
96 -0.156184 -0.33168 0.930374 -6.29577 -0.0811015 0.943059 0.322588 -5.11673 -0.984393 -0.0250716 -0.17419 -52.6769 
97 -0.156951 -0.335869 0.92874 -6.31576 -0.0851387 0.941496 0.326094 -5.30404 -0.98393 -0.027891 -0.176364 -53.382 
98 -0.157672 -0.33983 0.927176 -6.34057 -0.0869693 0.940051 0.329759 -5.38287 -0.983654 -0.0286421 -0.177774 -54.1725 
99 -0.158284 -0.34155 0.926439 -6.36395 -0.0860796 0.939468 0.331647 -5.313 -0.983634 -0.0272533 -0.178103 -54.978 
100 -0.159447 -0.341368 0.926307 -6.4251 -0.0845198 0.939587 0.331713 -5.21034 -0.983582 -0.0254007 -0.178666 -55.7933 
101 -0.160049 -0.343148 0.925545 -6.44719 -0.0851611 0.938936 0.333387 -5.22614 -0.983429 -0.0254621 -0.179499 -56.5992 
102 -0.160593 -0.343912 0.925167 -6.47193 -0.0853663 0.93866 0.33411 -5.2206 -0.983322 -0.0253222 -0.180101 -57.4019 
103 -0.161152 -0.342467 0.925606 -6.49759 -0.0834943 0.939233 0.332972 -5.10358 -0.983391 -0.0236236 -0.179953 -58.2138 
104 -0.161399 -0.341814 0.925804 -6.50595 -0.0805323 0.939537 0.332844 -4.91649 -0.983598 -0.0208364 -0.179167 -59.0258 
105 -0.161822 -0.341823 0.925727 -6.52613 -0.0761186 0.93962 0.333647 -4.63592 -0.98388 -0.0164736 -0.17807 -59.9382 
107 -0.162878 -0.341725 0.925578 -6.58366 -0.0742733 0.93969 0.333865 -4.48429 -0.983847 -0.0143666 -0.178436 -61.4095 
108 -0.163009 -0.341169 0.92576 -6.58712 -0.0761192 0.939862 0.332963 -4.58578 -0.983684 -0.0161922 -0.179175 -62.1748 
110 -0.162877 -0.341189 0.925776 -6.56826 -0.082446 0.939731 0.331826 -4.96105 -0.983196 -0.0222798 -0.18119 -63.6439 
112 -0.159023 -0.343787 0.925485 -6.30483 -0.0856121 0.938684 0.33398 -5.12826 -0.983556 -0.0261222 -0.178705 -65.0964 
114 -0.149344 -0.342942 0.927409 -5.65358 -0.0831314 0.938961 0.333827 -4.93447 -0.985284 -0.0272415 -0.168738 -66.5487 
115 -0.142413 -0.342062 0.928823 -5.18757 -0.0815164 0.939253 0.333404 -4.81134 -0.986445 -0.0282332 -0.161646 -67.2721 
117 -0.121933 -0.34396 0.931034 -3.79086 -0.0785497 0.938435 0.336407 -4.56371 -0.989425 -0.0321134 -0.141444 -68.6635 
119 -0.0886833 -0.345978 0.934042 -1.48297 -0.0761597 0.937347 0.339971 -4.35583 -0.993144 -0.0409866 -0.109477 -69.9722 
121 -0.0415817 -0.342345 0.938654 1.82616 -0.074715 0.937901 0.338761 -4.23302 -0.996338 -0.0560453 -0.0645778 -71.0906 
123 0.0209605 -0.333397 0.942554 6.26246 -0.0745125 0.939618 0.334015 -4.21652 -0.997 -0.0772332 -0.00514741 -71.8588 
125 0.0993292 -0.322708 0.941272 11.886 -0.0742339 0.940911 0.330418 -4.19501 -0.992282 -0.102694 0.0695041 -72.0347 
127 0.192514 -0.30403 0.933008 18.6055 -0.0743466 0.943542 0.322803 -4.21367 -0.978474 -0.13151 0.159042 -71.5856 
129 0.293651 -0.273447 0.915967 25.9306 -0.0831034 0.947282 0.309437 -4.9032 -0.952294 -0.166987 0.255446 -70.0604 
131 0.39763 -0.245713 0.884034 33.522 -0.0877174 0.948884 0.303192 -5.26272 -0.913344 -0.198103 0.355751 -67.6332 
133 0.493307 -0.211516 0.843747 40.538 -0.0922114 0.951804 0.292517 -5.62851 -0.864954 -0.222104 0.450028 -64.5149 
135 0.582438 -0.174571 0.793908 46.9078 -0.102785 0.953012 0.284963 -6.43767 -0.80635 -0.247575 0.537127 -60.5194 
137 0.668444 -0.147963 0.728896 53.5129 -0.114791 0.947746 0.29766 -7.32388 -0.734851 -0.28264 0.61653 -55.8037 
138 0.711576 -0.134672 0.689581 56.6897 -0.11842 0.944431 0.306639 -7.58581 -0.692557 -0.299858 0.656087 -52.9062 
140 0.788648 -0.0991554 0.606797 62.5429 -0.121551 0.942289 0.311956 -7.82415 -0.60271 -0.31978 0.731082 -46.8047 
141 0.822473 -0.0837975 0.562597 64.9676 -0.121062 0.940637 0.317089 -7.77542 -0.555771 -0.328906 0.763504 -43.5694 
143 0.876487 -0.0559957 0.478158 69.3061 -0.113305 0.94132 0.31793 -7.14902 -0.467902 -0.332839 0.81871 -37.8452 
145 0.913386 -0.0381495 0.405303 72.2392 -0.103761 0.940901 0.322397 -6.38307 -0.393649 -0.336527 0.855447 -33.2419 
147 0.934353 -0.0177548 0.355907 73.9698 -0.103557 0.942126 0.318864 -6.33904 -0.340971 -0.334788 0.87844 -30.4558 
149 0.947694 -0.00526413 0.319136 75.0482 -0.101152 0.943372 0.315938 -6.09488 -0.302727 -0.331694 0.893496 -28.9652 
151 0.956889 -0.00311046 0.290436 76.0122 -0.0925225 0.944589 0.314946 -5.39179 -0.275323 -0.328241 0.903579 -28.2443 
153 0.964262 0.00711471 0.264855 76.7366 -0.0937161 0.944176 0.315831 -5.46249 -0.247823 -0.329365 0.9111 -27.5601 
155 0.971455 0.0154121 0.236722 77.5925 -0.0915177 0.944987 0.314044 -5.26038 -0.218859 -0.326744 0.919423 -26.9344 
156 0.973944 0.0191079 0.225983 77.8854 -0.0919389 0.944158 0.316407 -5.29995 -0.207317 -0.328939 0.921313 -26.8615 
157 0.976376 0.0211003 0.215045 78.1877 -0.0913223 0.942264 0.322179 -5.29451 -0.195831 -0.334206 0.921931 -26.6717 
158 0.978092 0.0254621 0.206608 78.3735 -0.0934998 0.940482 0.326728 -5.51702 -0.185992 -0.338888 0.922259 -26.7358 
160 0.980934 0.0294776 0.192094 78.8437 -0.0913861 0.942296 0.322068 -5.27175 -0.171515 -0.333482 0.927023 -27.19 
161 0.982114 0.0277196 0.186238 79.0002 -0.0864105 0.945148 0.315004 -4.73545 -0.167291 -0.325463 0.930638 -27.6284 
162 0.982789 0.0286904 0.18249 79.096 -0.0853222 0.946683 0.310664 -4.55653 -0.163847 -0.320888 0.932837 -28.1556 
164 0.983738 0.0316861 0.17679 79.2464 -0.0865886 0.946043 0.312259 -4.66313 -0.157356 -0.322489 0.933402 -29.3002 
166 0.98428 0.0374334 0.172603 79.4357 -0.0899301 0.947328 0.307379 -4.82099 -0.152006 -0.318069 0.935803 -30.5444 
167 0.984493 0.0402509 0.170746 79.5038 -0.0917474 0.947734 0.305586 -4.91929 -0.149521 -0.316513 0.93673 -31.1608 
168 0.984754 0.0419749 0.168814 79.5732 -0.09323 0.946657 0.308462 -5.08192 -0.146861 -0.319498 0.936137 -31.7843 
169 0.985291 0.0395465 0.166244 79.6461 -0.0910951 0.944648 0.315186 -5.02809 -0.144578 -0.325694 0.934356 -32.4259 
170 0.985661 0.0389328 0.164187 79.7124 -0.0909433 0.942175 0.322546 -5.16671 -0.142135 -0.332852 0.932205 -33.0556 
171 0.98613 0.0375746 0.161669 79.8056 -0.0894209 0.940865 0.326767 -5.1344 -0.13983 -0.336691 0.931175 -33.516 
172 0.986457 0.0372491 0.159733 79.8654 -0.0882436 0.941443 0.325421 -4.98347 -0.138258 -0.335109 0.93198 -34.2935 
173 0.987047 0.0354716 0.156462 79.9743 -0.0849531 0.942861 0.322174 -4.61026 -0.136094 -0.331293 0.933661 -34.8358 
175 0.9877 0.0366401 0.152006 80.1508 -0.0836049 0.945271 0.315393 -4.29021 -0.132131 -0.324223 0.936708 -36.0861 
177 0.987617 0.041754 0.151226 80.2153 -0.0881329 0.945116 0.314623 -4.62277 -0.129789 -0.324055 0.937093 -37.4549 
178 0.987717 0.042266 0.150432 80.2544 -0.0885857 0.944526 0.316264 -4.69734 -0.128719 -0.325706 0.936668 -38.1613 
179 0.987657 0.0444734 0.150188 80.2818 -0.0907377 0.94402 0.317163 -4.89887 -0.127675 -0.326876 0.936403 -38.8898 
180 0.987717 0.0451337 0.149596 80.3059 -0.0911844 0.943945 0.317259 -4.92805 -0.126891 -0.327003 0.936466 -39.6267 
181 0.988093 0.0426501 0.147827 80.3597 -0.0881648 0.944372 0.31684 -4.64257 -0.12609 -0.326101 0.936888 -40.3615 
182 0.988101 0.0424233 0.147838 80.377 -0.0880601 0.944112 0.317644 -4.66031 -0.1261 -0.326883 0.936614 -41.079 
184 0.987389 0.0438159 0.152131 80.2017 -0.0907299 0.944089 0.31696 -4.83068 -0.129738 -0.326765 0.936158 -43.1631 
185 0.987149 0.040914 0.154474 80.0838 -0.0888058 0.944108 0.317448 -4.66806 -0.132852 -0.327086 0.935609 -44.2742 
186 0.987046 0.0368255 0.156153 79.9887 -0.0855324 0.944233 0.317974 -4.39103 -0.135735 -0.327211 0.935152 -45.2921 
188 0.986544 0.0330844 0.160115 79.7938 -0.0845331 0.941475 0.326312 -4.59874 -0.139948 -0.335456 0.931603 -47.1715 
190 0.985835 0.0331407 0.164411 79.5982 -0.0860674 0.94133 0.326328 -4.70508 -0.14395 -0.335856 0.930849 -49.3104 
191 0.985393 0.0338361 0.166902 79.4883 -0.0874462 0.941521 0.32541 -4.7762 -0.146131 -0.335251 0.930727 -50.3172 
192 0.985024 0.0340807 0.169013 79.3895 -0.0881049 0.942113 0.323512 -4.7478 -0.148204 -0.333558 0.931007 -51.3225 
193 0.984783 0.0342948 0.17037 79.3304 -0.0882102 0.943304 0.319995 -4.5992 -0.149736 -0.330154 0.931975 -52.283 
194 0.984596 0.0345786 0.171391 79.2883 -0.0880991 0.944832 0.315484 -4.3838 -0.151026 -0.325724 0.933325 -53.2302 
195 0.984677 0.0350371 0.170831 79.3298 -0.0880324 0.945498 0.313503 -4.27708 -0.150536 -0.323738 0.934095 -54.0573 
196 0.985309 0.0326826 0.167623 79.4822 -0.0847629 0.945678 0.313861 -3.99108 -0.14826 -0.323459 0.934555 -54.7461 
197 0.985576 0.0328409 0.166016 79.5754 -0.0845811 0.94527 0.315135 -4.01953 -0.146581 -0.324631 0.934413 -55.4946 
198 0.985622 0.0354521 0.165202 79.6583 -0.0870718 0.944487 0.3168 -4.30335 -0.1448 -0.326629 0.933995 -56.2377 
199 0.98559 0.0393182 0.164519 79.7439 -0.0907175 0.943769 0.317914 -4.67136 -0.142768 -0.328258 0.933737 -57.0008 
200 0.985739 0.0412655 0.163146 79.8523 -0.0920883 0.943707 0.317706 -4.76695 -0.140852 -0.328199 0.934048 -57.7084 
201 0.985642 0.0440554 0.162997 79.9031 -0.0942798 0.944451 0.31484 -4.80672 -0.140072 -0.325687 0.935044 -58.5375 
202 0.985498 0.046769 0.163115 79.9333 -0.096492 0.945178 0.311973 -4.84621 -0.139582 -0.323188 0.935984 -59.3979 
203 0.985544 0.0475251 0.16262 79.9761 -0.0970082 0.945225 0.31167 -4.85643 -0.138901 -0.32294 0.936171 -60.317 
204 0.985936 0.0463072 0.160581 80.0861 -0.0956478 0.944274 0.314956 -4.88338 -0.137047 -0.325886 0.935423 -61.1282 
205 0.986313 0.0439249 0.158927 80.1626 -0.0936703 0.942492 0.320836 -5.00377 -0.135695 -0.331331 0.933706 -61.8469 
207 0.987164 0.0376624 0.155206 80.3095 -0.0880284 0.939166 0.331992 -5.06954 -0.133261 -0.341393 0.930426 -63.4748 
208 0.987313 0.0381614 0.154132 80.3747 -0.0882981 0.938716 0.333189 -5.14101 -0.131971 -0.342571 0.930177 -64.1558 
209 0.986973 0.0416765 0.155395 80.369 -0.0911796 0.940675 0.32683 -5.03896 -0.132555 -0.336741 0.93222 -65.1621 
210 0.986797 0.0424642 0.156298 80.3294 -0.090985 0.943699 0.318047 -4.49647 -0.133993 -0.328069 0.935103 -66.1362 
211 0.986475 0.0436241 0.157998 80.2451 -0.0915872 0.946117 0.310604 -4.09433 -0.135935 -0.320874 0.937316 -67.1606 
212 0.986022 0.0446623 0.160521 80.0971 -0.0936659 0.945345 0.312329 -4.3669 -0.137798 -0.322999 0.936314 -68.1825 
213 0.985263 0.0485859 0.164002 79.9294 -0.0989695 0.943942 0.314927 -4.98922 -0.139507 -0.326517 0.934839 -69.1879 
214 0.98475 0.0488367 0.166977 79.6942 -0.100484 0.94317 0.316754 -5.20226 -0.142019 -0.328703 0.933694 -70.1025 
215 0.984584 0.0459473 0.168772 79.5692 -0.0986264 0.942703 0.318721 -5.15447 -0.144458 -0.330453 0.932702 -71.3128 
216 0.98431 0.0428274 0.171173 79.3536 -0.0969987 0.941701 0.322166 -5.20445 -0.147397 -0.333714 0.931079 -72.4129 
217 0.983741 0.0408283 0.17489 79.055 -0.0969025 0.940566 0.325492 -5.39505 -0.151206 -0.337147 0.92923 -73.556 
218 0.983516 0.0374243 0.176908 78.825 -0.0950785 0.939216 0.3299 -5.48285 -0.153808 -0.341281 0.927292 -74.4768 
219 0.983399 0.0320789 0.1786 78.6339 -0.0906592 0.939462 0.330443 -5.10939 -0.157188 -0.341149 0.926774 -75.6793 
220 0.983095 0.0277167 0.180987 78.3752 -0.0871589 0.940138 0.32946 -4.70956 -0.161021 -0.339665 0.926661 -76.797 
221 0.982649 0.0241011 0.1839 78.0862 -0.0838254 0.942187 0.324433 -4.0475 -0.165449 -0.334219 0.92786 -77.9593 
222 0.982057 0.0227279 0.187208 77.8158 -0.0827295 0.94401 0.319375 -3.58319 -0.169468 -0.329132 0.928952 -79.08 
223 0.981039 0.0218996 0.19257 77.3821 -0.0831141 0.945132 0.315939 -3.36535 -0.175085 -0.325953 0.929032 -80.3268 
224 0.979826 0.0205774 0.198791 76.8674 -0.0837496 0.945411 0.314934 -3.33697 -0.181458 -0.325229 0.928062 -81.6306 
225 0.978528 0.0210212 0.205037 76.378 -0.0855265 0.946511 0.31113 -3.21766 -0.18753 -0.321986 0.927986 -82.9002 
226 0.977338 0.0182503 0.210897 75.84 -0.0849558 0.946339 0.311809 -3.19393 -0.193889 -0.32266 0.926444 -84.1938 
227 0.976636 0.0121197 0.214558 75.4055 -0.0806333 0.94613 0.313587 -2.90182 -0.199199 -0.323561 0.925002 -85.4074 
228 0.97563 0.00785185 0.219283 74.9164 -0.0790224 0.944875 0.317753 -3.04033 -0.2047 -0.327337 0.922469 -86.6335 
229 0.974363 0.00665393 0.224882 74.4005 -0.080435 0.9438 0.320581 -3.34502 -0.210111 -0.330451 0.920139 -87.7698 
230 0.973216 0.00334796 0.229867 73.9076 -0.0793085 0.943399 0.322038 -3.35426 -0.215778 -0.331643 0.918397 -89.0668 
231 0.97231 0.00059302 0.233696 73.5105 -0.0769646 0.945023 0.317819 -2.80533 -0.22066 -0.327004 0.9189 -90.2157 
232 0.970937 -0.00143772 0.239331 72.9618 -0.0760327 0.946327 0.31414 -2.42136 -0.226937 -0.323207 0.918715 -91.4576 
233 0.969379 -0.0023867 0.245559 72.3771 -0.0766862 0.947004 0.311934 -2.28921 -0.233289 -0.321213 0.917822 -92.6973 
234 0.967551 -0.00268729 0.25266 71.7243 -0.0796434 0.945727 0.31505 -2.79296 -0.239794 -0.32495 0.914826 -93.9447 
235 0.965593 -0.00477981 0.260013 70.9702 -0.0820088 0.943219 0.321889 -3.51774 -0.246788 -0.332137 0.910374 -95.282 
237 0.960037 -0.00844816 0.279746 69.0053 -0.0849869 0.943546 0.320154 -3.66102 -0.266658 -0.331134 0.905121 -98.2195 
238 0.956715 -0.0110092 0.290818 67.8464 -0.084723 0.945466 0.314509 -3.16937 -0.278421 -0.325534 0.903609 -99.8129 
239 0.953429 -0.0149826 0.301244 66.6934 -0.0823334 0.947906 0.307728 -2.37071 -0.290162 -0.318199 0.902527 -101.395 
240 0.95006 -0.018775 0.311503 65.5378 -0.0811665 0.948968 0.304748 -1.99146 -0.301328 -0.314812 0.900053 -102.931 
241 0.946784 -0.0264867 0.320779 64.3454 -0.0786695 0.94734 0.310416 -2.19894 -0.312109 -0.319132 0.894842 -104.433 
242 0.943024 -0.0321242 0.33117 63.0761 -0.0799907 0.944247 0.319372 -3.0607 -0.322966 -0.327666 0.887878 -105.932 
243 0.938748 -0.0352796 0.342793 61.7294 -0.0828067 0.942505 0.323769 -3.69931 -0.334507 -0.332323 0.881854 -107.456 
245 0.930158 -0.0401698 0.364955 59.1281 -0.0816974 0.946433 0.312394 -2.59185 -0.357954 -0.320392 0.877051 -110.461 
246 0.925382 -0.0428627 0.376604 57.6728 -0.0812499 0.948058 0.307547 -2.08874 -0.370225 -0.315198 0.873833 -112.004 
248 0.915563 -0.049025 0.399176 54.8615 -0.0856431 0.94601 0.312618 -2.95755 -0.392951 -0.320408 0.861933 -114.917 
249 0.911786 -0.050234 0.407582 53.8143 -0.0900963 0.943841 0.317878 -3.84837 -0.400661 -0.326558 0.856055 -116.149 
250 0.908296 -0.0509829 0.41521 52.8594 -0.0943907 0.941972 0.322148 -4.64842 -0.40754 -0.331798 0.850777 -117.318 
251 0.905169 -0.054249 0.421575 51.9568 -0.0945878 0.941244 0.324212 -4.84651 -0.414393 -0.333342 0.846854 -118.479 
252 0.902348 -0.0620822 0.426514 51.007 -0.089794 0.94078 0.326909 -4.57906 -0.421551 -0.333284 0.843337 -119.718 
253 0.898617 -0.0646233 0.433948 50.016 -0.0891233 0.941583 0.324776 -4.32333 -0.429586 -0.330524 0.840363 -120.883 
254 0.894687 -0.0657499 0.441829 48.9592 -0.088027 0.943761 0.318695 -3.64108 -0.437935 -0.324025 0.838582 -122.113 
255 0.891276 -0.0665268 0.448555 48.0517 -0.0860183 0.946416 0.311284 -2.73478 -0.445228 -0.316024 0.837795 -123.274 
256 0.888989 -0.0760719 0.451565 47.279 -0.0758626 0.948014 0.309054 -1.4751 -0.451601 -0.309003 0.837003 -124.386 
257 0.8869 -0.0862606 0.453837 46.5638 -0.0694175 0.946372 0.315534 -1.4162 -0.456717 -0.311351 0.833349 -125.44 
258 0.884197 -0.0877929 0.458789 45.8353 -0.0732899 0.94394 0.321878 -2.40267 -0.461328 -0.318228 0.828195 -126.46 
259 0.881423 -0.084511 0.464705 45.1716 -0.081458 0.941922 0.325802 -3.60571 -0.46525 -0.325023 0.823348 -127.45 
260 0.879582 -0.0867279 0.467776 44.657 -0.0810332 0.941564 0.326941 -3.66489 -0.468796 -0.325477 0.821155 -128.474 
261 0.877562 -0.0923121 0.470493 44.0416 -0.0749472 0.942817 0.324775 -2.81213 -0.473569 -0.320272 0.820462 -129.537 
262 0.874703 -0.0949695 0.475263 43.2537 -0.0723277 0.944054 0.321762 -2.22692 -0.479232 -0.315821 0.818898 -130.603 
263 0.871766 -0.0939077 0.480839 42.511 -0.0759795 0.943669 0.32205 -2.61327 -0.483996 -0.317286 0.815523 -131.624 
264 0.869517 -0.0964845 0.484387 41.8637 -0.0782148 0.941459 0.32793 -3.40601 -0.487671 -0.323027 0.811068 -132.543 
265 0.867012 -0.0986345 0.488428 41.2113 -0.081015 0.939267 0.333488 -4.26812 -0.491658 -0.328708 0.806364 -133.551 
266 0.864559 -0.101782 0.492117 40.5288 -0.0804614 0.938604 0.335482 -4.40442 -0.496049 -0.32964 0.803289 -134.54 
267 0.862436 -0.104316 0.495301 39.9456 -0.077376 0.939862 0.332675 -3.77585 -0.500218 -0.325235 0.802499 -135.526 
268 0.860222 -0.106597 0.498653 39.3413 -0.0755701 0.940456 0.331408 -3.43744 -0.504288 -0.322767 0.800946 -136.499 
269 0.857551 -0.108974 0.502724 38.6144 -0.0747568 0.940526 0.331396 -3.33401 -0.508939 -0.321771 0.798402 -137.491 
270 0.854893 -0.109077 0.507208 37.9298 -0.0765722 0.940413 0.331301 -3.50203 -0.513122 -0.322065 0.7956 -138.46 
271 0.852457 -0.108946 0.51132 37.3073 -0.0783806 0.940358 0.331034 -3.65293 -0.516889 -0.32227 0.793075 -139.406 
272 0.849984 -0.109717 0.515257 36.6606 -0.0788052 0.940586 0.330285 -3.60449 -0.520881 -0.321342 0.790837 -140.347 
273 0.84753 -0.112499 0.518687 35.9876 -0.0775243 0.940556 0.330672 -3.49222 -0.525054 -0.320466 0.788429 -141.289 
274 0.845097 -0.114266 0.522259 35.2797 -0.0773622 0.940471 0.330952 -3.47714 -0.528986 -0.320089 0.785949 -142.182 
275 0.842242 -0.11487 0.526719 34.5984 -0.080604 0.93922 0.333719 -4.12406 -0.533039 -0.323528 0.781792 -143.138 
276 0.839594 -0.115268 0.530844 33.9134 -0.0840361 0.937901 0.33657 -4.79487 -0.536675 -0.327192 0.77777 -144.023 
277 0.837421 -0.116361 0.534028 33.3442 -0.0857019 0.937033 0.338563 -5.18715 -0.539797 -0.329287 0.774719 -144.885 
278 0.835294 -0.117572 0.537085 32.7829 -0.0837591 0.938253 0.335656 -4.64215 -0.543386 -0.325357 0.77387 -145.784 
279 0.833311 -0.11837 0.539983 32.2663 -0.0794469 0.941022 0.328887 -3.40049 -0.547066 -0.316965 0.77476 -146.683 
280 0.831268 -0.116715 0.54348 31.767 -0.0767258 0.944259 0.320138 -2.10393 -0.550551 -0.30782 0.775978 -147.573 
282 0.827191 -0.112462 0.550551 30.7354 -0.0800011 0.946217 0.313485 -1.69034 -0.556196 -0.303357 0.773706 -149.173 
284 0.823159 -0.113975 0.556255 29.7421 -0.0842405 0.944292 0.318144 -2.66028 -0.561527 -0.308742 0.767701 -150.778 
286 0.819994 -0.112757 0.561156 28.9628 -0.0876516 0.944102 0.317786 -2.98103 -0.565621 -0.309769 0.764275 -152.22 
288 0.817407 -0.113818 0.564705 28.222 -0.0864734 0.944936 0.315624 -2.57092 -0.569534 -0.306825 0.762555 -153.52 
290 0.813766 -0.111146 0.570466 27.4073 -0.089862 0.945678 0.312438 -2.55562 -0.574203 -0.305515 0.759573 -154.855 
292 0.811579 -0.114004 0.573012 26.7976 -0.0910402 0.944119 0.316782 -3.17195 -0.577106 -0.309261 0.755848 -155.972 
294 0.807386 -0.112854 0.57913 25.7485 -0.0973913 0.942583 0.319456 -4.20802 -0.581931 -0.314327 0.750037 -157.052 
296 0.800437 -0.111922 0.588875 23.9887 -0.100148 0.943634 0.315475 -4.04457 -0.590991 -0.311493 0.744111 -158.184 
299 0.78982 -0.126664 0.600118 21.0084 -0.0846681 0.946559 0.311219 -1.68224 -0.607467 -0.296617 0.736887 -159.793 
302 0.771245 -0.127843 0.623568 16.3663 -0.0869408 0.949287 0.302152 -0.8323 -0.630573 -0.287246 0.721018 -161.299 
305 0.738085 -0.142299 0.659531 8.09668 -0.0853771 0.949951 0.300505 -0.421719 -0.669284 -0.278107 0.688996 -162.67 
308 0.692939 -0.161925 0.702577 -2.48304 -0.0931711 0.946173 0.309961 -2.47394 -0.71495 -0.280244 0.640554 -163.55 
311 0.644403 -0.194474 0.739544 -13.4165 -0.0880332 0.941824 0.324374 -3.61442 -0.759602 -0.274132 0.589793 -163.616 
314 0.58108 -0.210573 0.786133 -26.444 -0.088231 0.943955 0.318064 -2.8615 -0.80905 -0.254182 0.529934 -162.669 
316 0.531512 -0.231527 0.814795 -36.1857 -0.0792932 0.944096 0.319993 -2.0163 -0.843331 -0.234688 0.483439 -161.21 
318 0.479897 -0.251018 0.840648 -45.8227 -0.0732283 0.94339 0.323501 -1.70929 -0.874263 -0.216806 0.434349 -159.149 
320 0.424856 -0.271621 0.863551 -55.6614 -0.065702 0.942156 0.328671 -1.40644 -0.902874 -0.196375 0.382434 -156.321 
322 0.362185 -0.284742 0.88755 -66.1195 -0.0685162 0.941489 0.330006 -1.91005 -0.929585 -0.180335 0.321484 -152.666 
324 0.287945 -0.298998 0.909774 -77.8781 -0.0745614 0.940126 0.332572 -2.95684 -0.95474 -0.163596 0.248411 -147.475 
326 0.202405 -0.312477 0.928111 -90.5431 -0.0772518 0.939679 0.333219 -3.36547 -0.97625 -0.139143 0.166056 -140.565 
328 0.106679 -0.323926 0.940049 -104.147 -0.0823217 0.93932 0.333017 -3.93104 -0.99088 -0.112912 0.0735394 -131.214 
330 0.00259272 -0.333893 0.942608 -116.837 -0.0808224 0.939457 0.332999 -3.77 -0.996725 -0.0770472 -0.0245503 -120.945 
332 -0.104906 -0.334839 0.936418 -129.126 -0.0760544 0.941557 0.328156 -2.56275 -0.99157 -0.0367932 -0.124241 -108.504 
334 -0.210139 -0.33169 0.919687 -140.108 -0.0720364 0.943387 0.323778 -1.4796 -0.975014 0.00178753 -0.222136 -94.4782 
336 -0.310653 -0.327182 0.892439 -148.985 -0.0691526 0.944183 0.32208 -0.921601 -0.948004 0.038341 -0.315939 -80.874 
337 -0.358641 -0.321351 0.876419 -152.876 -0.0674222 0.945343 0.319033 -0.319928 -0.931038 0.055328 -0.360705 -73.6637 
338 -0.404864 -0.313863 0.858822 -156.422 -0.0649213 0.94674 0.315388 0.489066 -0.912069 0.0719335 -0.403677 -65.9374 
339 -0.447653 -0.307471 0.839683 -159.261 -0.0630871 0.947545 0.313335 0.948214 -0.891979 0.087292 -0.443569 -59.5258 
340 -0.487969 -0.301184 0.819252 -161.779 -0.0618582 0.948155 0.311729 1.30662 -0.870666 0.101437 -0.481301 -52.7102 
341 -0.525605 -0.294558 0.798108 -163.904 -0.0598745 0.948627 0.310679 1.69762 -0.848619 0.115508 -0.516239 -46.0394 
342 -0.557298 -0.288983 0.778401 -165.519 -0.0587436 0.948853 0.310206 1.91193 -0.828232 0.127151 -0.54577 -40.0945 
344 -0.607257 -0.283504 0.742203 -167.66 -0.0599444 0.947855 0.313013 1.43543 -0.792241 0.145588 -0.592586 -31.2028 
346 -0.637274 -0.280509 0.717772 -168.692 -0.0625373 0.947152 0.314629 0.932916 -0.768095 0.155617 -0.621138 -26.1501 
348 -0.657695 -0.274822 0.701363 -169.346 -0.0601557 0.947262 0.314764 1.22889 -0.750879 0.164828 -0.639541 -22.9937 
350 -0.671003 -0.271177 0.690085 -169.718 -0.058355 0.947146 0.315451 1.40379 -0.739154 0.171398 -0.651363 -21.3756 
352 -0.680372 -0.269314 0.68159 -169.968 -0.0580004 0.946902 0.316249 1.37525 -0.730568 0.175634 -0.659866 -20.6773 
354 -0.685333 -0.267182 0.677445 -170.094 -0.0566211 0.946997 0.316212 1.58035 -0.726025 0.178353 -0.664137 -20.9811 
356 -0.686992 -0.266134 0.676176 -170.107 -0.0565346 0.947275 0.315396 1.72418 -0.724462 0.178447 -0.665816 -22.5173 
358 -0.688546 -0.26491 0.675076 -170.168 -0.0571921 0.947828 0.313609 1.83561 -0.722934 0.177325 -0.667774 -23.6895 
359 -0.68892 -0.264772 0.674748 -170.173 -0.0564593 0.947669 0.314222 1.87664 -0.722635 0.178378 -0.667817 -24.5055 
360 -0.689319 -0.265911 0.673892 -170.181 -0.055479 0.946846 0.316867 1.72784 -0.722331 0.181035 -0.667431 -25.308 
361 -0.690031 -0.266419 0.672962 -170.201 -0.0544315 0.946257 0.318802 1.67183 -0.72173 0.183353 -0.667448 -26.0408 
362 -0.690421 -0.266163 0.672663 -170.207 -0.0544033 0.946324 0.318607 1.71339 -0.721359 0.183378 -0.667842 -26.8768 
363 -0.691248 -0.265422 0.672107 -170.231 -0.0554827 0.946849 0.316858 1.76773 -0.720485 0.181737 -0.669233 -27.6298 
364 -0.692171 -0.264071 0.671689 -170.252 -0.0557738 0.947448 0.315009 1.95237 -0.719576 0.180577 -0.670524 -28.4393 
365 -0.69295 -0.261608 0.671849 -170.274 -0.0541184 0.948093 0.313355 2.36484 -0.718951 0.18078 -0.671139 -29.2057 
366 -0.693758 -0.259367 0.671884 -170.293 -0.0530607 0.948775 0.311466 2.73167 -0.718251 0.180431 -0.671982 -30.028 
367 -0.694903 -0.259326 0.670716 -170.316 -0.0552948 0.949219 0.309717 2.63382 -0.716974 0.178136 -0.673955 -31.0463 
368 -0.695464 -0.259302 0.670144 -170.356 -0.0582056 0.949883 0.307138 2.48552 -0.7162 0.174597 -0.675702 -31.6252 
369 -0.696208 -0.260983 0.668716 -170.39 -0.0622159 0.95 0.305987 2.03948 -0.715138 0.171426 -0.677636 -32.4372 
370 -0.695894 -0.26343 0.668084 -170.378 -0.0645282 0.949465 0.307167 1.59344 -0.71524 0.170645 -0.677726 -33.5003 
371 -0.695636 -0.264649 0.667871 -170.36 -0.0640944 0.948828 0.309221 1.45867 -0.71553 0.172298 -0.677001 -34.5744 
372 -0.69557 -0.265224 0.667711 -170.352 -0.0624668 0.948173 0.311555 1.47256 -0.715738 0.174998 -0.676088 -35.6227 
373 -0.696117 -0.264304 0.667506 -170.35 -0.0602091 0.947984 0.312571 1.7331 -0.715399 0.177396 -0.675821 -36.8216 
374 -0.696276 -0.262712 0.667969 -170.364 -0.0575534 0.948049 0.312875 2.09709 -0.715463 0.179403 -0.675224 -37.5642 
375 -0.696397 -0.262268 0.668017 -170.362 -0.0566775 0.948023 0.313114 2.22193 -0.715415 0.18019 -0.675065 -38.5803 
376 -0.696485 -0.261732 0.668136 -170.364 -0.0558286 0.948049 0.313187 2.36118 -0.715397 0.180829 -0.674914 -39.5498 
377 -0.696657 -0.263612 0.667217 -170.374 -0.0570649 0.947458 0.31475 2.03932 -0.715131 0.181198 -0.675096 -40.5509 
378 -0.696717 -0.263439 0.667222 -170.37 -0.0562647 0.947329 0.315282 2.1258 -0.715136 0.182121 -0.674843 -41.5455 
379 -0.697043 -0.264054 0.666638 -170.368 -0.0558231 0.946885 0.31669 2.09244 -0.714853 0.183533 -0.67476 -42.7811 
381 -0.69761 -0.263605 0.666222 -170.408 -0.0550794 0.946837 0.316962 2.20129 -0.714357 0.184421 -0.675043 -44.3961 
382 -0.698216 -0.262566 0.665999 -170.433 -0.0549357 0.94722 0.315842 2.35103 -0.713777 0.183939 -0.675788 -45.3053 
383 -0.699097 -0.261871 0.665348 -170.477 -0.055032 0.947467 0.315085 2.42874 -0.712906 0.18366 -0.676782 -46.1418 
384 -0.69985 -0.26123 0.664807 -170.513 -0.0545851 0.947563 0.314874 2.53708 -0.712201 0.184076 -0.677411 -47.0046 
385 -0.700624 -0.261778 0.663776 -170.565 -0.0555329 0.947453 0.315038 2.39655 -0.711367 0.183862 -0.678345 -47.8693 
386 -0.701253 -0.262449 0.662846 -170.604 -0.0564996 0.947307 0.315306 2.24489 -0.71067 0.183658 -0.67913 -48.872 
387 -0.701806 -0.263238 0.661947 -170.627 -0.0580084 0.947252 0.315195 2.04996 -0.710002 0.182807 -0.680058 -49.7551 
388 -0.701641 -0.263948 0.661839 -170.623 -0.058348 0.947022 0.315825 1.94972 -0.710137 0.182979 -0.679871 -50.9372 
389 -0.701252 -0.267444 0.660847 -170.606 -0.0605969 0.945973 0.318532 1.37044 -0.710333 0.183326 -0.679572 -52.007 
390 -0.700562 -0.268889 0.660993 -170.555 -0.0616525 0.945634 0.319337 1.1512 -0.710924 0.182963 -0.679052 -53.1755 
391 -0.699696 -0.26992 0.66149 -170.481 -0.063137 0.945623 0.319077 0.96137 -0.711646 0.181492 -0.678691 -54.3072 
392 -0.698285 -0.271987 0.662133 -170.379 -0.0655093 0.945401 0.319259 0.577185 -0.712816 0.179558 -0.677977 -55.6975 
393 -0.696922 -0.271496 0.663769 -170.26 -0.0646718 0.945591 0.318865 0.764067 -0.714225 0.179297 -0.676561 -57.0424 
394 -0.696077 -0.270477 0.66507 -170.153 -0.0627091 0.945688 0.318969 1.10637 -0.715223 0.180321 -0.675233 -58.1706 
395 -0.695287 -0.268089 0.666862 -170.099 -0.0570106 0.945478 0.320656 1.89276 -0.716468 0.18493 -0.672663 -59.5203 
396 -0.694768 -0.26578 0.668325 -170.036 -0.0504037 0.944926 0.32338 2.76248 -0.717465 0.190989 -0.669901 -60.6776 
397 -0.694531 -0.265303 0.66876 -170.008 -0.0486972 0.944731 0.324209 2.99771 -0.717813 0.192607 -0.669065 -61.7415 
398 -0.694277 -0.265501 0.668946 -169.973 -0.0520198 0.94555 0.321294 2.71812 -0.717825 0.188269 -0.670285 -62.7638 
399 -0.694673 -0.265699 0.668456 -170.014 -0.055741 0.946371 0.318238 2.36547 -0.717163 0.183811 -0.672228 -63.738 
400 -0.694606 -0.265234 0.66871 -169.998 -0.0554008 0.946513 0.317874 2.46932 -0.717254 0.18375 -0.672148 -64.7682 
401 -0.69439 -0.266002 0.668629 -169.943 -0.0537846 0.945756 0.320395 2.56945 -0.717586 0.186517 -0.671031 -65.7648 
402 -0.694931 -0.265064 0.66844 -170.017 -0.0519021 0.945646 0.321029 2.84228 -0.717201 0.188399 -0.670916 -66.7007 
403 -0.695494 -0.263963 0.668291 -170.057 -0.0523771 0.946227 0.319234 2.92545 -0.716621 0.187022 -0.671921 -67.5895 
404 -0.696001 -0.263599 0.667906 -170.098 -0.0534096 0.946607 0.317936 2.87142 -0.716051 0.185611 -0.672918 -68.4806 
405 -0.696743 -0.26362 0.667123 -170.137 -0.053046 0.94641 0.318581 2.91195 -0.715356 0.186581 -0.673389 -69.2056 
406 -0.696907 -0.263462 0.667015 -170.173 -0.0497544 0.945597 0.321514 3.255 -0.715434 0.190878 -0.672101 -70.2494 
407 -0.697615 -0.262342 0.666716 -170.229 -0.0469039 0.945279 0.322874 3.66003 -0.714936 0.19397 -0.671746 -71.0779 
408 -0.698327 -0.26097 0.666509 -170.285 -0.0456746 0.945515 0.322359 3.93102 -0.71432 0.194669 -0.672198 -71.9089 
409 -0.698985 -0.259868 0.666249 -170.34 -0.0460919 0.946074 0.320655 4.00846 -0.713649 0.193425 -0.67327 -72.7493 
410 -0.699492 -0.259382 0.665907 -170.383 -0.0470771 0.946507 0.319229 3.96448 -0.713088 0.191949 -0.674285 -73.6141 
411 -0.699281 -0.261583 0.665267 -170.371 -0.0495046 0.946129 0.319983 3.50706 -0.713131 0.190824 -0.674559 -74.6204 
412 -0.698557 -0.263706 0.66519 -170.26 -0.0516142 0.945762 0.320733 3.11473 -0.713691 0.189717 -0.67428 -75.648 
413 -0.697976 -0.265333 0.665153 -170.243 -0.0528199 0.945372 0.321687 2.84568 -0.714171 0.189397 -0.673861 -76.8587 
414 -0.697433 -0.267163 0.66499 -170.192 -0.054004 0.944868 0.322967 2.56563 -0.714612 0.189336 -0.67341 -77.9281 
415 -0.696667 -0.268569 0.665226 -170.108 -0.0545249 0.944421 0.324185 2.4083 -0.71532 0.189578 -0.672591 -79.0674 
416 -0.69628 -0.267912 0.665896 -170.051 -0.0539117 0.944628 0.323683 2.57417 -0.715743 0.189474 -0.672169 -80.1611 
417 -0.695855 -0.268817 0.665975 -170.003 -0.055415 0.944639 0.323398 2.34685 -0.716041 0.188133 -0.672229 -81.2396 
418 -0.695449 -0.269242 0.666227 -169.952 -0.0566539 0.944809 0.322686 2.194 -0.716338 0.186667 -0.67232 -82.3007 
419 -0.695008 -0.268718 0.666899 -169.887 -0.0561572 0.944989 0.322246 2.33217 -0.716805 0.186513 -0.671865 -83.3747 
420 -0.694764 -0.265621 0.668392 -169.784 -0.0528054 0.945637 0.32091 3.04745 -0.717296 0.187662 -0.671021 -84.2462 
421 -0.694264 -0.265309 0.669036 -169.757 -0.0522146 0.945695 0.320835 3.17709 -0.717824 0.187811 -0.670414 -85.4863 
422 -0.693932 -0.265682 0.669232 -169.713 -0.0541935 0.946072 0.319392 2.93477 -0.717998 0.185368 -0.670908 -86.4984 
423 -0.693818 -0.264084 0.669982 -169.649 -0.0558944 0.947277 0.315502 2.89728 -0.717978 0.181453 -0.671999 -87.3686 
424 -0.692987 -0.264035 0.670861 -169.566 -0.0570163 0.94768 0.314088 2.79772 -0.718692 0.179409 -0.671784 -88.6247 
425 -0.692281 -0.26688 0.670464 -169.497 -0.058243 0.946732 0.316711 2.42548 -0.719273 0.180204 -0.670949 -89.6753 
426 -0.691871 -0.267672 0.670571 -169.443 -0.0579027 0.946321 0.318001 2.42809 -0.719695 0.181188 -0.670231 -90.6714 
427 -0.691999 -0.267928 0.670337 -169.455 -0.0582185 0.946263 0.318114 2.38452 -0.719547 0.181109 -0.670412 -91.5366 
428 -0.69194 -0.267723 0.670479 -169.391 -0.0586688 0.94648 0.317384 2.37313 -0.719567 0.180275 -0.670615 -92.2435 
429 -0.69203 -0.267434 0.670503 -169.439 -0.0583638 0.94653 0.317292 2.44857 -0.719506 0.180442 -0.670635 -93.3015 
430 -0.692108 -0.267727 0.670305 -169.447 -0.0586736 0.94646 0.317444 2.40086 -0.719405 0.180377 -0.670761 -94.1331 
431 -0.691915 -0.26874 0.670098 -169.423 -0.0591619 0.946125 0.318352 2.27669 -0.719551 0.180628 -0.670538 -95.0086 
432 -0.692099 -0.268715 0.669919 -169.439 -0.0593265 0.946156 0.318227 2.27311 -0.71936 0.180501 -0.670776 -95.7869 
433 -0.692211 -0.268349 0.669949 -169.425 -0.0585172 0.946113 0.318506 2.42823 -0.719319 0.18127 -0.670613 -96.5259 
435 -0.692321 -0.267755 0.670073 -169.44 -0.0547991 0.945435 0.321169 3.01271 -0.719506 0.185633 -0.669218 -98.1865 
436 -0.692294 -0.266962 0.670418 -169.421 -0.0531648 0.945396 0.321559 3.32756 -0.719654 0.186971 -0.668685 -98.8201 
437 -0.692923 -0.265033 0.670533 -169.482 -0.0508699 0.945643 0.321203 3.79521 -0.719215 0.188459 -0.66874 -99.6383 
438 -0.693593 -0.262892 0.670684 -169.552 -0.0487797 0.946034 0.320376 4.2591 -0.718713 0.189495 -0.668986 -100.265 
439 -0.694071 -0.261866 0.670591 -169.604 -0.0481974 0.94631 0.319649 4.42795 -0.718291 0.189538 -0.669427 -100.916 
440 -0.694965 -0.261927 0.66964 -169.726 -0.0481794 0.946163 0.320086 4.42447 -0.717428 0.190185 -0.670169 -101.42 
441 -0.695642 -0.260029 0.669677 -169.839 -0.0470161 0.946674 0.318745 4.73833 -0.716848 0.190247 -0.670772 -101.827 
443 -0.701659 -0.253976 0.665711 -170.589 -0.0454812 0.948373 0.313878 5.32484 -0.71106 0.189958 -0.676986 -101.981 
445 -0.714172 -0.245674 0.655441 -172.309 -0.0420117 0.94974 0.310207 6.21619 -0.698709 0.194005 -0.688599 -100.302 
447 -0.732011 -0.236679 0.63886 -174.79 -0.0379922 0.95044 0.308579 7.11072 -0.680232 0.201611 -0.704725 -97.0994 
449 -0.756929 -0.223021 0.614264 -178.219 -0.0324494 0.951632 0.305523 8.37324 -0.652691 0.211327 -0.727555 -91.7861 
451 -0.78826 -0.20883 0.578823 -182.481 -0.0283914 0.951993 0.3048 9.23068 -0.614687 0.223828 -0.756347 -84.0843 
453 -0.824045 -0.201029 0.529658 -187.378 -0.0310506 0.949546 0.312088 8.38481 -0.565673 0.240728 -0.78871 -73.7863 
455 -0.861808 -0.190387 0.470149 -192.071 -0.0350583 0.947026 0.319236 7.28501 -0.506022 0.258638 -0.82283 -61.5344 
457 -0.902167 -0.172528 0.395385 -196.679 -0.0380617 0.944802 0.325422 6.43123 -0.429706 0.278536 -0.858936 -45.6938 
459 -0.93714 -0.165141 0.307403 -200.541 -0.0574048 0.941886 0.33099 2.37384 -0.344199 0.292538 -0.89216 -27.7038 
461 -0.964435 -0.151791 0.216389 -201.821 -0.0739133 0.940881 0.330574 -0.879997 -0.253774 0.302823 -0.918639 -10.1872 
463 -0.984923 -0.123104 0.121542 -201.784 -0.07671 0.940516 0.330977 -1.44091 -0.155056 0.316663 -0.935779 9.2993 
465 -0.994654 -0.100172 0.0250705 -200.173 -0.0859566 0.937736 0.336546 -3.50073 -0.0572218 0.332592 -0.941333 28.9028 
467 -0.994166 -0.076876 -0.0756597 -195.735 -0.0985155 0.932785 0.346709 -6.41529 0.0439205 0.35214 -0.934916 47.6583 
469 -0.985138 -0.0299268 -0.169138 -189.739 -0.0878403 0.933977 0.346368 -4.24613 0.147605 0.356077 -0.922725 66.9386 
471 -0.965491 0.00843976 -0.260301 -182.242 -0.0846707 0.935008 0.344371 -3.50083 0.24629 0.354527 -0.902027 85.3595 
473 -0.935264 0.0447218 -0.351113 -172.345 -0.0835434 0.936065 0.341764 -3.17608 0.343949 0.348972 -0.871732 102.032 
475 -0.897424 0.0851949 -0.432866 -161.468 -0.0772055 0.935707 0.344226 -2.00625 0.434362 0.342336 -0.833148 117.645 
477 -0.856819 0.108065 -0.504166 -150.854 -0.0870405 0.933444 0.348002 -4.07626 0.508217 0.342058 -0.790387 130.156 
479 -0.819598 0.138202 -0.556021 -141.495 -0.0856762 0.929996 0.357445 -4.13638 0.566497 0.340599 -0.750382 140.07 
481 -0.786277 0.155798 -0.597909 -133.239 -0.0888785 0.929105 0.358977 -4.80081 0.611449 0.335397 -0.716687 146.16 
483 -0.761735 0.165837 -0.626305 -127.488 -0.0912517 0.929588 0.357126 -5.18086 0.64143 0.329187 -0.692967 150.763 
485 -0.745935 0.169866 -0.643993 -123.792 -0.0937759 0.930509 0.354061 -5.54973 0.659384 0.324497 -0.67817 152.064 
486 -0.739631 0.170567 -0.65104 -122.381 -0.0938677 0.931752 0.350751 -5.44916 0.666435 0.320538 -0.673142 152.935 
487 -0.735312 0.173572 -0.655126 -121.36 -0.0926248 0.93184 0.350848 -5.20305 0.67137 0.318663 -0.669116 152.982 
488 -0.731421 0.176498 -0.658689 -120.463 -0.0910496 0.932 0.350836 -4.8899 0.67582 0.316582 -0.665614 153.324 
490 -0.72648 0.17999 -0.663197 -119.354 -0.0884808 0.932555 0.350017 -4.36497 0.681467 0.31296 -0.661558 153.21 
492 -0.722717 0.174166 -0.668839 -118.566 -0.0940724 0.933933 0.344847 -5.25233 0.684712 0.312146 -0.658585 152.276 
493 -0.722989 0.1773 -0.667721 -118.573 -0.0921832 0.933108 0.347581 -4.96954 0.684682 0.31285 -0.658282 151.662 
494 -0.723342 0.181743 -0.666143 -118.586 -0.0891276 0.932093 0.351083 -4.47986 0.684714 0.313324 -0.658023 151.031 
495 -0.723385 0.181653 -0.666121 -118.656 -0.0872391 0.93299 0.349168 -4.10289 0.684912 0.310695 -0.659064 150.065 
496 -0.72342 0.178117 -0.667036 -118.649 -0.0881901 0.934394 0.345153 -4.10287 0.684752 0.308517 -0.660251 149.672 
497 -0.723681 0.176525 -0.667177 -118.721 -0.0842548 0.936904 0.339281 -3.18524 0.684972 0.301744 -0.663147 148.962 
498 -0.723898 0.17648 -0.666953 -118.767 -0.0812727 0.938184 0.336461 -2.53994 0.685103 0.297769 -0.664807 148.227 
499 -0.724518 0.178321 -0.665789 -118.874 -0.0796118 0.937838 0.337819 -2.25931 0.684643 0.297761 -0.665284 147.435 
500 -0.724829 0.176335 -0.66598 -118.966 -0.0827962 0.937386 0.338309 -2.8689 0.683936 0.300357 -0.664844 146.575 
501 -0.724402 0.170007 -0.668087 -118.966 -0.0891801 0.937862 0.335353 -3.9903 0.683585 0.302511 -0.664228 145.811 
502 -0.72388 0.166548 -0.669522 -118.936 -0.0922046 0.938367 0.333115 -4.52424 0.683737 0.302868 -0.663909 144.878 
504 -0.723861 0.165444 -0.669816 -118.91 -0.0968037 0.936867 0.33602 -5.41581 0.683121 0.308072 -0.662146 143.404 
505 -0.724408 0.166021 -0.669081 -119.013 -0.0989516 0.935475 0.339256 -5.88614 0.682233 0.311967 -0.661238 142.482 
507 -0.723228 0.160771 -0.671636 -118.837 -0.102769 0.936643 0.33487 -6.47225 0.68292 0.311211 -0.660884 140.844 
509 -0.722522 0.16459 -0.67147 -118.639 -0.0985851 0.936794 0.335706 -5.70958 0.684283 0.308752 -0.660628 139.213 
510 -0.72294 0.166274 -0.670605 -118.695 -0.101146 0.934682 0.340791 -6.27054 0.683467 0.3142 -0.658901 138.244 
511 -0.723427 0.16969 -0.669222 -118.745 -0.099194 0.933721 0.343986 -6.02907 0.683238 0.315231 -0.658647 136.833 
513 -0.723756 0.173727 -0.667829 -118.747 -0.0936923 0.934088 0.34453 -4.95636 0.683666 0.311926 -0.659775 135.482 
514 -0.723804 0.177551 -0.666771 -118.711 -0.0877689 0.934787 0.344195 -3.87635 0.684401 0.307652 -0.661019 134.62 
516 -0.724533 0.176751 -0.666192 -118.85 -0.0860668 0.935792 0.341884 -3.51359 0.683845 0.305043 -0.6628 132.561 
518 -0.724996 0.175062 -0.666134 -118.934 -0.091006 0.934331 0.344593 -4.42736 0.682715 0.31045 -0.661454 130.217 
520 -0.72616 0.181187 -0.663222 -119.081 -0.0890107 0.931756 0.352005 -4.12378 0.68174 0.314646 -0.660476 128.343 
521 -0.727115 0.187717 -0.660353 -119.177 -0.0845586 0.930078 0.357499 -3.39628 0.681288 0.315781 -0.6604 127.295 
523 -0.72796 0.193807 -0.657657 -119.255 -0.0858316 0.925909 0.367866 -3.70276 0.680226 0.324239 -0.65739 125.246 
524 -0.728183 0.19598 -0.656766 -119.228 -0.0873629 0.92389 0.372553 -4.03875 0.679792 0.328664 -0.65564 123.898 
525 -0.728595 0.197949 -0.655718 -119.315 -0.0849583 0.923819 0.373285 -3.57028 0.679656 0.327682 -0.656272 123.215 
526 -0.728793 0.19586 -0.656125 -119.366 -0.0812145 0.926729 0.366847 -2.85083 0.679901 0.320642 -0.659487 122.212 
527 -0.729332 0.195543 -0.65562 -119.455 -0.0753811 0.929483 0.361081 -1.79338 0.679995 0.312769 -0.663161 121.172 
528 -0.72999 0.195553 -0.654884 -119.56 -0.0731657 0.930327 0.359359 -1.39294 0.67953 0.310243 -0.664822 120.094 
529 -0.730657 0.19564 -0.654114 -119.665 -0.0745167 0.929491 0.36124 -1.61822 0.678666 0.312685 -0.66456 119.005 
530 -0.731269 0.195609 -0.653439 -119.711 -0.0758699 0.928725 0.362923 -1.87553 0.677856 0.314971 -0.664307 117.723 
532 -0.733859 0.191621 -0.651715 -120.235 -0.0792799 0.928674 0.362326 -2.37696 0.67466 0.317564 -0.666324 115.531 
533 -0.737967 0.186463 -0.648565 -120.965 -0.0819374 0.929201 0.360378 -2.7987 0.669844 0.319089 -0.670441 113.79 
534 -0.743988 0.181666 -0.643024 -122 -0.0834153 0.929553 0.359128 -3.02262 0.662966 0.320825 -0.676422 111.702 
536 -0.761464 0.175609 -0.623967 -124.902 -0.0811497 0.929205 0.360546 -2.61538 0.643108 0.325178 -0.693305 106.542 
538 -0.786198 0.169164 -0.594371 -128.912 -0.0791184 0.926335 0.368298 -2.24822 0.61289 0.33658 -0.714899 99.7422 
539 -0.801113 0.162861 -0.575929 -131.145 -0.0773539 0.926022 0.369458 -1.97327 0.593494 0.340528 -0.72925 95.6806 
541 -0.836028 0.149735 -0.527861 -136.842 -0.0704869 0.924763 0.373959 -0.78035 0.544141 0.349847 -0.762573 85.7155 
542 -0.85366 0.14125 -0.501311 -139.586 -0.0672535 0.924569 0.375032 -0.236559 0.51647 0.353864 -0.779769 80.2632 
543 -0.870096 0.13161 -0.474986 -142.12 -0.0643346 0.92512 0.374185 0.248261 0.488665 0.356135 -0.796476 74.7896 
544 -0.885742 0.122506 -0.447719 -144.487 -0.0573736 0.928254 0.367496 1.34823 0.460618 0.351194 -0.815165 69.2216 
545 -0.900602 0.111573 -0.420081 -146.708 -0.0519265 0.93195 0.358849 2.1773 0.431533 0.344993 -0.833522 63.4862 
546 -0.914174 0.0976647 -0.393379 -148.626 -0.0511875 0.934947 0.351075 2.23356 0.402076 0.34108 -0.849705 57.8369 
547 -0.92612 0.0827198 -0.368048 -150.455 -0.0549052 0.935714 0.348462 1.64776 0.373213 0.342925 -0.862041 52.1417 
548 -0.936505 0.0708961 -0.343412 -151.909 -0.0563518 0.93619 0.346948 1.42075 0.346096 0.34427 -0.872752 46.846 
549 -0.945306 0.0633946 -0.319966 -152.939 -0.0537905 0.937205 0.344606 1.78325 0.32172 0.342969 -0.882535 42.075 
550 -0.952123 0.0590245 -0.299964 -153.925 -0.0501348 0.937755 0.343658 2.3941 0.301577 0.342244 -0.889899 37.8047 
551 -0.957927 0.0513109 -0.282389 -154.648 -0.0511922 0.937568 0.344014 2.23808 0.282411 0.343997 -0.895495 33.8196 
552 -0.96297 0.0422547 -0.266277 -155.26 -0.0551086 0.935941 0.347818 1.68257 0.263917 0.349612 -0.898955 29.9888 
553 -0.967684 0.0359614 -0.249588 -155.781 -0.0553763 0.935312 0.349464 1.67557 0.24601 0.351992 -0.903095 26.2061 
554 -0.971972 0.0292398 -0.233269 -156.224 -0.0554887 0.935668 0.348491 1.65455 0.228453 0.351667 -0.907821 22.443 
555 -0.975526 0.0228021 -0.218697 -156.444 -0.055118 0.937495 0.343607 1.61948 0.212862 0.347252 -0.913294 19.0088 
556 -0.978517 0.020972 -0.205099 -156.793 -0.0515177 0.938381 0.341741 2.19446 0.199628 0.344966 -0.917141 15.8607 
557 -0.98086 0.0233145 -0.193314 -156.932 -0.0458599 0.937215 0.345723 3.15299 0.189237 0.347971 -0.918208 13.3022 
558 -0.982474 0.0260693 -0.184569 -157.008 -0.0419146 0.933917 0.355026 3.95201 0.181627 0.356539 -0.916456 11.2458 
559 -0.983294 0.0279162 -0.179873 -157.034 -0.0401072 0.930657 0.363687 4.4167 0.177553 0.364825 -0.91399 9.72783 
560 -0.983524 0.0260732 -0.178886 -157.046 -0.0414683 0.930618 0.363635 4.21558 0.175956 0.365062 -0.914204 8.51486 
561 -0.983595 0.0219465 -0.179053 -157.062 -0.0447979 0.931763 0.360294 3.63892 0.174742 0.362404 -0.915493 7.33357 
562 -0.983359 0.0173001 -0.180849 -156.983 -0.0488387 0.933639 0.35487 2.87885 0.174987 0.357797 -0.917257 6.32777 
563 -0.983021 0.00938831 -0.183254 -157.07 -0.0566651 0.934346 0.351833 1.6257 0.174526 0.356243 -0.91795 5.26639 
564 -0.982767 0.00467031 -0.18479 -157.059 -0.0615344 0.934399 0.350874 0.858451 0.174306 0.356199 -0.918009 4.22756 
565 -0.982523 0.00265262 -0.186124 -157.045 -0.0642637 0.933586 0.352544 0.490884 0.174698 0.358343 -0.917099 3.29569 
566 -0.982288 0.00106007 -0.187374 -157.029 -0.0664474 0.933025 0.353623 0.195623 0.175199 0.35981 -0.916429 2.36234 
567 -0.982056 0.00111574 -0.188585 -157.019 -0.0668973 0.932893 0.353887 0.146249 0.176324 0.360152 -0.916079 1.51013 
568 -0.981678 -0.000369421 -0.190549 -157.006 -0.0687584 0.933312 0.352423 -0.16858 0.177711 0.359067 -0.916236 0.682508 
569 -0.981448 -0.00168064 -0.19172 -156.992 -0.0700521 0.933969 0.350421 -0.413248 0.178472 0.35735 -0.91676 -0.264459 
570 -0.981186 -0.00342529 -0.193035 -156.977 -0.0717637 0.934675 0.348185 -0.73195 0.179233 0.355487 -0.917336 -1.21836 
571 -0.980897 -0.00656393 -0.194418 -156.87 -0.0749656 0.934991 0.346657 -1.27104 0.179504 0.35461 -0.917622 -2.20882 
572 -0.981045 -0.00939688 -0.193551 -156.935 -0.0773347 0.93482 0.346598 -1.60795 0.177678 0.354997 -0.917828 -3.60934 
573 -0.981215 -0.0112659 -0.19259 -156.915 -0.0788082 0.934606 0.346844 -1.80919 0.176088 0.355506 -0.917937 -4.93117 
574 -0.981459 -0.0117092 -0.191313 -156.893 -0.0788371 0.934452 0.347251 -1.78157 0.174707 0.355895 -0.91805 -6.22899 
575 -0.981622 -0.0134698 -0.190362 -156.863 -0.0801598 0.934344 0.347239 -1.96805 0.173186 0.356117 -0.918252 -7.55815 
576 -0.981802 -0.0139956 -0.18939 -156.84 -0.0805938 0.933725 0.3488 -1.95883 0.171956 0.357716 -0.917862 -8.81231 
577 -0.981937 -0.0143643 -0.188665 -156.823 -0.0810445 0.932945 0.350779 -1.93162 0.170975 0.359732 -0.917257 -10.0172 
578 -0.981967 -0.0156428 -0.188405 -156.753 -0.0824189 0.932304 0.352161 -2.06697 0.170142 0.361338 -0.916781 -11.0952 
579 -0.982137 -0.0169282 -0.187406 -156.765 -0.08301 0.932774 0.350772 -2.1913 0.16887 0.360063 -0.917517 -12.472 
580 -0.982229 -0.0172593 -0.186892 -156.748 -0.0827066 0.933672 0.348449 -2.22319 0.168482 0.357713 -0.918507 -13.6153 
581 -0.982286 -0.0183348 -0.186488 -156.678 -0.0833063 0.934175 0.346955 -2.36188 0.167851 0.356344 -0.919154 -14.7058 
582 -0.982451 -0.0190918 -0.185539 -156.7 -0.0837166 0.934056 0.347177 -2.39203 0.166675 0.356617 -0.919263 -16.0302 
583 -0.982653 -0.0208245 -0.184278 -156.656 -0.0850066 0.933716 0.347777 -2.5393 0.164821 0.357409 -0.919289 -17.3684 
584 -0.983006 -0.0226027 -0.182176 -156.594 -0.0861399 0.933145 0.349027 -2.63099 0.162108 0.358788 -0.919234 -18.8336 
585 -0.983442 -0.0240069 -0.179625 -156.522 -0.0865126 0.933144 0.348939 -2.66933 0.159239 0.358701 -0.91977 -20.3329 
586 -0.983864 -0.0261996 -0.176987 -156.276 -0.0873785 0.933588 0.347533 -2.86499 0.156128 0.35739 -0.920813 -21.7202 
587 -0.984243 -0.0281245 -0.17457 -156.354 -0.0881756 0.933824 0.346696 -2.98877 0.153267 0.356626 -0.921589 -23.4011 
588 -0.984623 -0.0302127 -0.172058 -156.265 -0.089428 0.933262 0.347885 -3.09549 0.150065 0.357922 -0.921614 -24.945 
589 -0.985015 -0.0312364 -0.169616 -156.156 -0.0897389 0.932673 0.349382 -3.04501 0.147283 0.359367 -0.9215 -26.3258 
590 -0.985443 -0.0313836 -0.167084 -156.113 -0.0891704 0.932186 0.350824 -2.85926 0.144743 0.360616 -0.921415 -27.8281 
591 -0.985878 -0.0317502 -0.164426 -156.028 -0.088546 0.932216 0.350903 -2.74194 0.142139 0.360507 -0.921863 -29.2346 
592 -0.986229 -0.0324925 -0.162163 -155.903 -0.088342 0.932407 0.350445 -2.71921 0.139815 0.359945 -0.922438 -30.5873 
593 -0.986562 -0.0323247 -0.160161 -155.884 -0.0873433 0.932758 0.349763 -2.58495 0.138085 0.359052 -0.923046 -31.9545 
594 -0.986704 -0.0337474 -0.158985 -155.814 -0.088229 0.932742 0.349582 -2.70792 0.136494 0.358961 -0.923318 -33.2277 
595 -0.986789 -0.0352417 -0.158128 -155.648 -0.0893495 0.932577 0.349739 -2.85481 0.135141 0.359247 -0.923406 -34.3748 
596 -0.986798 -0.0360652 -0.157888 -155.719 -0.0898843 0.932924 0.348674 -2.96442 0.134723 0.358263 -0.923849 -35.557 
597 -0.986813 -0.0368565 -0.157612 -155.686 -0.089924 0.934471 0.344497 -3.20373 0.134587 0.354127 -0.925462 -36.6375 
598 -0.98677 -0.0380598 -0.157596 -155.65 -0.09065 0.935432 0.341685 -3.46788 0.134416 0.351451 -0.926507 -37.7103 
599 -0.986796 -0.0371393 -0.157651 -155.66 -0.0896776 0.935826 0.340864 -3.35699 0.134875 0.350501 -0.9268 -38.6535 
600 -0.986779 -0.035841 -0.15806 -155.689 -0.0887805 0.935443 0.342147 -3.1238 0.135593 0.351656 -0.926257 -39.5239 
601 -0.986888 -0.0340801 -0.157765 -155.581 -0.0871047 0.935352 0.342825 -2.81792 0.135882 0.352072 -0.926057 -40.41 
602 -0.986927 -0.0320131 -0.157954 -155.724 -0.0854691 0.934867 0.344555 -2.43853 0.136636 0.353551 -0.925382 -41.3193 
603 -0.986886 -0.0307351 -0.158466 -155.755 -0.0845828 0.934603 0.34549 -2.22499 0.137484 0.354362 -0.924946 -42.1622 
604 -0.986815 -0.0301144 -0.159025 -155.776 -0.0843005 0.934374 0.346178 -2.11677 0.138164 0.35502 -0.924593 -43.0384 
605 -0.986616 -0.0305847 -0.160165 -155.8 -0.0851856 0.934231 0.346345 -2.2133 0.139038 0.355353 -0.924333 -43.8845 
606 -0.986475 -0.0302807 -0.161093 -155.831 -0.0850922 0.93459 0.345399 -2.24543 0.140097 0.354435 -0.924526 -44.7131 
607 -0.986408 -0.0275504 -0.161989 -155.905 -0.0827005 0.935118 0.344551 -1.9363 0.141987 0.353264 -0.924686 -45.3993 
608 -0.986053 -0.0258562 -0.164414 -156.024 -0.0818374 0.935511 0.343689 -1.85181 0.144924 0.352351 -0.924579 -45.9075 
609 -0.985543 -0.0261944 -0.167387 -156.127 -0.0831327 0.93563 0.343053 -2.06721 0.147626 0.352009 -0.924282 -46.4362 
610 -0.985147 -0.0252579 -0.169848 -156.234 -0.082917 0.936137 0.34172 -2.11415 0.15037 0.350728 -0.924326 -46.9666 
611 -0.984872 -0.0242892 -0.171575 -156.315 -0.082527 0.936375 0.34116 -2.08141 0.152372 0.350159 -0.924214 -47.6063 
612 -0.984617 -0.0252407 -0.172891 -156.274 -0.0839329 0.936191 0.341323 -2.25366 0.153244 0.350584 -0.923909 -48.4166 
613 -0.984499 -0.0260782 -0.17344 -156.34 -0.0852291 0.93541 0.343139 -2.28382 0.153289 0.352603 -0.923133 -49.3144 
614 -0.984559 -0.0270206 -0.172955 -156.287 -0.0862512 0.934641 0.344973 -2.26873 0.15233 0.354564 -0.92254 -50.3749 
615 -0.984665 -0.0275836 -0.172264 -156.206 -0.0866689 0.934298 0.345798 -2.24237 0.151407 0.355425 -0.92236 -51.3925 
616 -0.984753 -0.0292105 -0.171487 -156.159 -0.0879336 0.934167 0.345831 -2.40305 0.150095 0.355638 -0.922493 -52.5353 
617 -0.98495 -0.0314823 -0.16995 -156.024 -0.0894462 0.934209 0.34533 -2.64242 0.147897 0.355334 -0.922965 -53.7784 
618 -0.985484 -0.0333276 -0.166468 -155.797 -0.0899594 0.934078 0.34555 -2.67753 0.143977 0.35551 -0.923517 -55.2648 
619 -0.986318 -0.0345883 -0.161183 -155.486 -0.089257 0.934075 0.345742 -2.5405 0.138598 0.355398 -0.924382 -56.9662 
620 -0.987331 -0.0364635 -0.154425 -155.071 -0.0885887 0.934104 0.345836 -2.41617 0.131639 0.355135 -0.9255 -58.8915 
621 -0.988373 -0.0378661 -0.147261 -154.588 -0.0873692 0.93408 0.34621 -2.19068 0.124444 0.355051 -0.926527 -61.0834 
623 -0.990819 -0.0373975 -0.129917 -153.636 -0.0809724 0.933705 0.348766 -1.01105 0.108262 0.356084 -0.928162 -64.9708 
625 -0.992502 -0.0393188 -0.115734 -152.672 -0.0778133 0.933444 0.350182 -0.392069 0.0942627 0.356561 -0.929504 -68.8296 
627 -0.993924 -0.0418302 -0.101811 -151.731 -0.0751257 0.933831 0.349737 -0.00977265 0.0804445 0.35526 -0.9313 -72.0974 
629 -0.994952 -0.0435256 -0.0904196 -150.903 -0.0725923 0.934291 0.349044 0.320999 0.0692858 0.353845 -0.932734 -75.0649 
631 -0.995818 -0.043314 -0.0804331 -150.198 -0.0688936 0.934274 0.349836 0.951567 0.0599938 0.353915 -0.933352 -77.6232 
633 -0.996348 -0.0447006 -0.0727535 -149.562 -0.0676128 0.933378 0.352468 1.4 0.052151 0.3561 -0.932992 -80.1669 
635 -0.996726 -0.044985 -0.0671833 -149.148 -0.0659431 0.933091 0.353542 1.77322 0.0467841 0.356815 -0.933003 -81.5242 
637 -0.997066 -0.0433058 -0.0631216 -148.876 -0.0629967 0.932655 0.355227 2.37581 0.0434873 0.358161 -0.932646 -82.8902 
639 -0.997169 -0.0467172 -0.0589136 -148.417 -0.0647949 0.931427 0.358113 2.4302 0.0381437 0.360916 -0.931818 -84.7551 
642 -0.996589 -0.0488553 -0.0665088 -148.907 -0.0694112 0.932153 0.35535 1.51323 0.0446357 0.358754 -0.932364 -84.2705 
646 -0.996115 -0.0454776 -0.0754064 -149.684 -0.0691489 0.934173 0.350055 1.05163 0.0545231 0.353909 -0.933689 -83.7059 
651 -0.995025 -0.0421644 -0.0902628 -150.936 -0.0713062 0.93415 0.349685 0.703986 0.0695747 0.354382 -0.932509 -82.5053 
657 -0.990808 -0.0369927 -0.13012 -153.976 -0.0807705 0.933383 0.349674 -0.618113 0.108517 0.35697 -0.927791 -77.0187 
725 -0.980002 -0.0117789 -0.198638 -159.173 -0.0814532 0.934528 0.346443 -1.02747 0.181552 0.355694 -0.916799 -65.8638 
731 -0.961002 0.0142944 -0.276172 -164.068 -0.0844439 0.935797 0.342277 -1.86849 0.263333 0.35225 -0.898095 -52.6587 
735 -0.937725 0.0416372 -0.344875 -167.591 -0.0855608 0.934522 0.345468 -1.69792 0.336678 0.353462 -0.872762 -40.2625 
738 -0.910142 0.0657449 -0.409047 -170.182 -0.0904837 0.931949 0.351118 -1.82236 0.404295 0.356579 -0.842257 -28.4562 
741 -0.873051 0.0993547 -0.477401 -171.813 -0.0908347 0.928751 0.359403 -1.01408 0.479095 0.357141 -0.801822 -14.5293 
743 -0.836657 0.124944 -0.533286 -172.379 -0.0914731 0.928087 0.360952 -0.937648 0.540035 0.350774 -0.765062 -2.72404 
745 -0.786228 0.149704 -0.599529 -171.907 -0.0947325 0.929541 0.356342 -1.86066 0.610632 0.336961 -0.716649 11.6512 
747 -0.719044 0.185047 -0.669876 -169.758 -0.0920151 0.930063 0.35569 -1.54137 0.688846 0.317396 -0.651729 28.6607 
749 -0.640847 0.219324 -0.735671 -166.015 -0.0872747 0.93129 0.353669 -1.07893 0.762691 0.290853 -0.577673 46.2004 
751 -0.559495 0.248659 -0.790654 -160.024 -0.0886155 0.930521 0.355355 -1.10155 0.824083 0.268884 -0.498587 61.7231 
752 -0.514141 0.26471 -0.815836 -156.432 -0.0901765 0.929229 0.358331 -1.0007 0.852952 0.257802 -0.453884 69.8263 
753 -0.466127 0.27786 -0.839952 -152.475 -0.0936954 0.928558 0.359167 -1.38668 0.879742 0.246117 -0.406792 77.9946 
755 -0.369831 0.30869 -0.876319 -143.071 -0.102219 0.923948 0.368607 -1.55412 0.923459 0.225898 -0.310151 92.4849 
756 -0.318241 0.322977 -0.891296 -137.728 -0.105702 0.922225 0.371926 -1.66821 0.942099 0.212574 -0.25935 99.6879 
757 -0.265183 0.334867 -0.90418 -132.31 -0.109624 0.921202 0.373322 -2.04754 0.957946 0.198119 -0.207578 107.029 
758 -0.217071 0.345384 -0.913011 -126.406 -0.114138 0.919917 0.375133 -2.4471 0.96946 0.18564 -0.160266 112.346 
759 -0.166986 0.355032 -0.91982 -120.458 -0.117065 0.91918 0.376037 -2.73269 0.978985 0.170471 -0.111929 118.027 
760 -0.121467 0.364905 -0.923087 -115.027 -0.117297 0.91818 0.3784 -2.50534 0.98564 0.154239 -0.0687265 123.204 
761 -0.0811508 0.370207 -0.925398 -109.737 -0.116336 0.918596 0.377687 -2.45025 0.989889 0.138307 -0.0314762 126.688 
762 -0.0474204 0.372888 -0.926664 -105.414 -0.115836 0.919396 0.37589 -2.57436 0.992136 0.125166 -0.000404159 129.672 
763 -0.0193589 0.374718 -0.926937 -101.737 -0.114048 0.920231 0.374389 -2.49676 0.993287 0.112963 0.0249212 131.825 
764 0.000271204 0.3762 -0.926539 -99.5597 -0.111282 0.920795 0.373835 -2.18988 0.993789 0.103005 0.0421139 133.561 
765 0.0183549 0.379048 -0.925195 -96.664 -0.111725 0.920333 0.374839 -2.1368 0.99357 0.0964875 0.0592418 133.925 
766 0.0324853 0.381182 -0.923929 -94.7819 -0.109922 0.920172 0.375767 -1.80008 0.993409 0.0893534 0.0717924 134.492 
767 0.0455357 0.383494 -0.92242 -93.2486 -0.107779 0.919874 0.377115 -1.3718 0.993132 0.0822454 0.0832197 135.369 
768 0.0602223 0.385824 -0.920605 -91.0079 -0.104067 0.91968 0.378628 -0.736856 0.992745 0.0730024 0.0955367 135.463 
769 0.0741658 0.386691 -0.919222 -89.1305 -0.101335 0.919912 0.378805 -0.37021 0.992084 0.0650549 0.107411 135.818 
770 0.0877299 0.384854 -0.918799 -87.3318 -0.100826 0.921049 0.376169 -0.58187 0.991029 0.0596379 0.119607 136.022 
771 0.0973604 0.380563 -0.919616 -86.6308 -0.100119 0.923063 0.37139 -0.99395 0.990201 0.0559126 0.127971 136.265 
772 0.10272 0.377054 -0.920477 -85.3864 -0.099949 0.924602 0.36759 -1.37436 0.989676 0.0542418 0.132662 135.242 
773 0.104523 0.374683 -0.921243 -85.1924 -0.0994898 0.925609 0.365171 -1.56941 0.989534 0.0534854 0.134025 134.382 
774 0.105758 0.373694 -0.921503 -85.2636 -0.100306 0.925982 0.363999 -1.78631 0.98932 0.0539359 0.135414 133.585 
775 0.106416 0.374653 -0.921038 -84.9806 -0.101737 0.925539 0.364729 -1.87006 0.989103 0.0548905 0.136608 132.46 
776 0.108836 0.375319 -0.920484 -84.673 -0.101945 0.925316 0.365235 -1.83136 0.988819 0.0540877 0.138969 131.583 
777 0.114263 0.376201 -0.919466 -84.2145 -0.102319 0.925062 0.365775 -1.80464 0.988167 0.0522839 0.144193 131.108 
778 0.117676 0.376018 -0.91911 -83.5495 -0.101792 0.925233 0.36549 -1.7675 0.987821 0.0505483 0.147153 130.07 
779 0.122681 0.37637 -0.918311 -82.9231 -0.101612 0.925202 0.365619 -1.72486 0.987231 0.0484567 0.151748 129.327 
780 0.129032 0.375655 -0.917733 -82.664 -0.101415 0.925616 0.364623 -1.79402 0.986441 0.0460238 0.157531 128.538 
781 0.132959 0.376806 -0.9167 -81.6389 -0.104412 0.92509 0.365111 -2.06842 0.985606 0.0471696 0.162342 127.859 
782 0.137907 0.378698 -0.915188 -81.0011 -0.10852 0.924231 0.366088 -2.4102 0.984482 0.0488305 0.168554 127.099 
783 0.141464 0.378586 -0.914692 -80.5643 -0.110827 0.924232 0.365394 -2.72109 0.98372 0.0496829 0.172703 126.203 
784 0.143837 0.378768 -0.914246 -80.5556 -0.110176 0.924239 0.365574 -2.61454 0.983449 0.0481452 0.174671 125.045 
785 0.14342 0.377386 -0.914883 -80.3706 -0.107954 0.924889 0.36459 -2.46803 0.983756 0.0464762 0.173388 123.928 
786 0.142012 0.377534 -0.915041 -80.568 -0.10805 0.924799 0.364791 -2.44554 0.98395 0.0470657 0.172125 122.555 
787 0.14118 0.378628 -0.914718 -80.6877 -0.110048 0.924248 0.365587 -2.55918 0.983848 0.0490495 0.172153 121.228 
788 0.141643 0.379345 -0.914349 -81.0392 -0.111921 0.923876 0.36596 -2.68716 0.98357 0.050499 0.173317 119.852 
789 0.139668 0.380641 -0.914115 -80.9001 -0.11393 0.92321 0.36702 -2.76958 0.983622 0.0528839 0.17231 118.555 
790 0.138904 0.38056 -0.914265 -81.0139 -0.114516 0.923194 0.366878 -2.81917 0.983662 0.0537373 0.171815 117.233 
791 0.138527 0.380565 -0.91432 -81.0865 -0.114537 0.923182 0.366901 -2.79363 0.983713 0.053898 0.171474 115.941 
792 0.137942 0.380027 -0.914632 -81.1865 -0.113182 0.923459 0.366625 -2.65962 0.983952 0.0529472 0.170396 114.64 
793 0.138903 0.379953 -0.914517 -81.5358 -0.10972 0.923688 0.367098 -2.25876 0.984209 0.04935 0.169991 113.282 
794 0.137321 0.379784 -0.914826 -81.3019 -0.110386 0.92369 0.366894 -2.31562 0.984357 0.0506019 0.168765 112.084 
795 0.136652 0.379505 -0.915042 -81.3998 -0.112697 0.923666 0.366251 -2.57911 0.984188 0.0530735 0.16899 110.78 
796 0.136286 0.379599 -0.915058 -81.4588 -0.114622 0.923515 0.366036 -2.75854 0.984016 0.055 0.169372 109.505 
797 0.135761 0.37882 -0.915459 -81.5407 -0.113144 0.923896 0.365533 -2.64771 0.98426 0.0539532 0.16829 108.25 
798 0.135714 0.379303 -0.915266 -81.7553 -0.110628 0.923837 0.366451 -2.30085 0.984552 0.0515214 0.167339 107.025 
799 0.135169 0.379284 -0.915354 -81.6306 -0.109243 0.923905 0.366696 -2.12688 0.984782 0.0504303 0.166318 105.769 
800 0.134937 0.377849 -0.915981 -81.6815 -0.111173 0.924372 0.364933 -2.45927 0.984598 0.0525892 0.166738 104.521 
801 0.134764 0.377074 -0.916326 -81.7219 -0.114529 0.924492 0.363591 -2.86885 0.984237 0.0559471 0.167774 103.278 
802 0.134363 0.375734 -0.916935 -81.7906 -0.116374 0.924906 0.361947 -3.17462 0.984075 0.0580751 0.167999 102.012 
803 0.13504 0.373264 -0.917844 -82.0245 -0.114019 0.92603 0.359818 -3.16879 0.984258 0.0560621 0.16761 100.703 
804 0.134595 0.372727 -0.918128 -81.8167 -0.113327 0.92627 0.359418 -3.12323 0.984399 0.0556725 0.166911 99.6086 
805 0.13444 0.372229 -0.918353 -81.8538 -0.112826 0.926489 0.35901 -3.10125 0.984478 0.0553489 0.166554 98.3797 
806 0.134452 0.371247 -0.918748 -81.8741 -0.113573 0.92683 0.357893 -3.25192 0.98439 0.0562254 0.166778 97.1632 
807 0.134131 0.372217 -0.918403 -81.9108 -0.11489 0.926369 0.358666 -3.25574 0.984281 0.0574066 0.167019 95.9429 
808 0.134515 0.372999 -0.918029 -82.0985 -0.114029 0.926121 0.359579 -3.0667 0.984329 0.0563131 0.16711 94.7022 
810 0.134096 0.377424 -0.91628 -81.8981 -0.111727 0.924494 0.364456 -2.35352 0.98465 0.0535017 0.16614 92.4442 
811 0.13547 0.379807 -0.915092 -81.7648 -0.112366 0.923537 0.366678 -2.157 0.984389 0.0531511 0.167789 91.4063 
812 0.138071 0.380581 -0.914382 -81.5308 -0.113703 0.923211 0.367087 -2.19277 0.983874 0.053284 0.170742 90.4463 
813 0.140997 0.381261 -0.913652 -81.266 -0.114694 0.922948 0.36744 -2.20483 0.983344 0.0529824 0.173861 89.5139 
814 0.144148 0.380106 -0.913642 -80.997 -0.115079 0.923459 0.366034 -2.3492 0.982842 0.0523782 0.176857 88.5879 
815 0.147557 0.377905 -0.91401 -80.7156 -0.113657 0.924483 0.363886 -2.43802 0.982501 0.0501894 0.179366 87.6788 
816 0.150218 0.376697 -0.914075 -80.6497 -0.111466 0.925125 0.362932 -2.35183 0.982349 0.0473688 0.180959 86.7059 
817 0.152834 0.376554 -0.913701 -80.2589 -0.111625 0.925224 0.362631 -2.37564 0.981927 0.046569 0.183439 85.7884 
818 0.154946 0.376685 -0.913291 -80.08 -0.112875 0.925152 0.362427 -2.45662 0.981453 0.0469315 0.185867 84.8026 
819 0.156693 0.376996 -0.912864 -79.9357 -0.113815 0.925017 0.362478 -2.49064 0.981068 0.0471004 0.187851 83.7858 
820 0.157897 0.376762 -0.912754 -79.9416 -0.114311 0.925109 0.362087 -2.53541 0.980817 0.0471655 0.18914 82.7029 
821 0.159604 0.376699 -0.912483 -79.7171 -0.115219 0.925122 0.361764 -2.60576 0.980434 0.0473963 0.191056 81.6947 
822 0.160506 0.375187 -0.912947 -79.6557 -0.115577 0.92572 0.360116 -2.76722 0.980245 0.0477152 0.191946 80.6143 
823 0.160488 0.374177 -0.913365 -79.8396 -0.115283 0.926132 0.359151 -2.81767 0.980282 0.0476555 0.19177 79.5002 
824 0.159431 0.372841 -0.914096 -79.7605 -0.114547 0.926672 0.357992 -2.86653 0.980541 0.0476322 0.190448 78.2514 
825 0.157598 0.372454 -0.914571 -79.904 -0.11421 0.926805 0.357756 -2.84934 0.980877 0.0480711 0.188601 76.9656 
826 0.155927 0.373284 -0.914519 -80.0351 -0.114541 0.926431 0.358617 -2.76214 0.981105 0.0488316 0.187212 75.7054 
827 0.153648 0.376116 -0.913745 -80.2477 -0.113931 0.925301 0.361715 -2.4068 0.981536 0.0485274 0.185022 74.4946 
828 0.150972 0.378794 -0.913084 -80.3949 -0.11351 0.924204 0.364639 -2.07321 0.981999 0.0485942 0.182526 73.108 
829 0.148531 0.381178 -0.912492 -80.5698 -0.112216 0.923264 0.367412 -1.71003 0.98252 0.0478246 0.179907 71.835 
830 0.146708 0.382841 -0.912091 -80.8582 -0.113106 0.922513 0.369022 -1.56863 0.982692 0.049025 0.178641 70.5793 
831 0.143962 0.383036 -0.912447 -80.8858 -0.115231 0.922267 0.368978 -1.67761 0.982851 0.0520236 0.176909 69.2396 
832 0.141757 0.381927 -0.913256 -81.0446 -0.116403 0.922604 0.367768 -1.83297 0.983034 0.0541723 0.175243 67.9331 
833 0.139667 0.380662 -0.914106 -81.1951 -0.116098 0.923082 0.366661 -1.9036 0.983369 0.0549155 0.173118 66.637 
834 0.138325 0.379029 -0.914988 -81.4432 -0.114419 0.923799 0.365382 -1.90919 0.983755 0.0541506 0.171153 65.3563 
835 0.136106 0.3783 -0.915622 -81.4437 -0.111852 0.924181 0.36521 -1.78983 0.98436 0.0527072 0.1681 64.1302 
836 0.134754 0.377706 -0.916068 -81.5373 -0.109064 0.924536 0.365154 -1.64023 0.984859 0.0507046 0.165779 62.9092 
837 0.133124 0.378772 -0.915866 -81.6345 -0.107298 0.924167 0.36661 -1.39709 0.985274 0.049466 0.16367 61.6782 
838 0.132133 0.378734 -0.916025 -81.6971 -0.106924 0.924181 0.366683 -1.35261 0.985448 0.0494941 0.16261 60.4979 
839 0.131524 0.379276 -0.915888 -81.7301 -0.108824 0.923854 0.366948 -1.39282 0.985322 0.0514081 0.162783 59.3336 
840 0.131915 0.378668 -0.916084 -81.7105 -0.111167 0.923981 0.365924 -1.57139 0.985008 0.0535675 0.163983 58.2437 
841 0.132607 0.376466 -0.916891 -81.6794 -0.112549 0.924796 0.363435 -1.8457 0.984758 0.0550013 0.165006 57.1764 
842 0.133674 0.373023 -0.918142 -81.6284 -0.113308 0.926134 0.359774 -2.20243 0.984527 0.0559403 0.166066 56.1168 
843 0.134845 0.368639 -0.91974 -81.5722 -0.112439 0.927915 0.35543 -2.55637 0.984466 0.0554867 0.166574 55.0718 
844 0.135568 0.365483 -0.920893 -81.537 -0.111652 0.929189 0.352339 -2.7958 0.984457 0.0550536 0.166775 54.0073 
845 0.136484 0.361853 -0.92219 -81.5948 -0.110253 0.930666 0.348861 -3.04083 0.984488 0.0540598 0.166917 52.9799 
846 0.13687 0.361377 -0.922319 -81.4706 -0.109011 0.930922 0.348571 -3.00971 0.984573 0.0528339 0.16681 51.9006 
847 0.137683 0.359722 -0.922845 -81.4284 -0.10711 0.931662 0.347179 -3.05244 0.984668 0.0510447 0.166804 50.8682 
848 0.138266 0.361096 -0.922221 -81.3937 -0.106351 0.931194 0.348664 -2.8663 0.984668 0.0498705 0.167156 49.844 
849 0.138552 0.364381 -0.920886 -81.3736 -0.11141 0.929686 0.351101 -2.79278 0.984069 0.0539503 0.169405 48.7974 
850 0.139355 0.365999 -0.920122 -81.33 -0.116711 0.928783 0.351767 -2.8813 0.983341 0.0583679 0.172146 47.7806 
851 0.140018 0.368472 -0.919034 -81.2892 -0.117603 0.927796 0.354068 -2.67234 0.98314 0.0585058 0.173241 46.7773 
852 0.140927 0.370635 -0.918024 -81.2406 -0.113614 0.927207 0.356901 -2.26622 0.983479 0.0540033 0.172778 45.809 
853 0.141652 0.37113 -0.917713 -81.209 -0.109997 0.927221 0.357996 -2.04066 0.983786 0.0502346 0.172166 44.8121 
854 0.142154 0.370282 -0.917978 -81.188 -0.108513 0.927636 0.357374 -2.03595 0.983879 0.04881 0.172047 43.7855 
855 0.142475 0.370641 -0.917783 -81.1709 -0.108375 0.927509 0.357745 -1.97513 0.983847 0.0484952 0.172316 42.7648 
856 0.142585 0.371574 -0.917389 -81.2426 -0.107893 0.927171 0.358767 -1.83117 0.983885 0.0478253 0.172291 41.8403 
858 0.141767 0.376347 -0.915568 -81.1841 -0.103577 0.925472 0.36438 -1.17717 0.984466 0.043175 0.170183 39.6125 
859 0.141191 0.377737 -0.915085 -81.2465 -0.103098 0.924928 0.365894 -1.00042 0.984599 0.0426824 0.169535 38.5831 
860 0.140096 0.37984 -0.914382 -81.2412 -0.105404 0.923963 0.367671 -0.877537 0.984512 0.0448708 0.16948 37.407 
861 0.139307 0.381255 -0.913914 -81.2708 -0.10941 0.923188 0.368446 -0.871184 0.984186 0.0486636 0.17032 36.307 
862 0.138137 0.381483 -0.913996 -81.3109 -0.110687 0.923008 0.368516 -0.867898 0.984209 0.0502622 0.169727 35.1769 
863 0.137227 0.380242 -0.91465 -81.3453 -0.109376 0.923556 0.367535 -0.911278 0.984482 0.0496046 0.168326 34.0566 
864 0.136279 0.3782 -0.915638 -81.3776 -0.107549 0.924446 0.365831 -1.01386 0.984815 0.0486205 0.166658 32.9384 
865 0.135628 0.377186 -0.916153 -81.4924 -0.10805 0.924813 0.364756 -1.08524 0.98485 0.0495189 0.166185 31.8044 
866 0.134158 0.376824 -0.916518 -81.4469 -0.109881 0.924832 0.364158 -1.1654 0.984849 0.0518533 0.16548 30.6997 
867 0.133292 0.376823 -0.916645 -81.4766 -0.111242 0.924742 0.363976 -1.18005 0.984814 0.0534541 0.165179 29.6167 
868 0.132397 0.377955 -0.916309 -81.5075 -0.110951 0.924288 0.365215 -1.04193 0.984967 0.0533122 0.164307 28.5798 
870 0.130867 0.377807 -0.916589 -81.5464 -0.110822 0.924321 0.365171 -1.00559 0.985186 0.0537891 0.162833 26.4327 
872 0.129823 0.375158 -0.917825 -81.6603 -0.112379 0.925261 0.362301 -1.22837 0.985148 0.0561092 0.162281 24.2357 
874 0.128523 0.373462 -0.918699 -81.5939 -0.113867 0.925812 0.360425 -1.37943 0.985148 0.0582869 0.161513 22.3259 
875 0.128727 0.371833 -0.919331 -81.5879 -0.114958 0.926389 0.358591 -1.52792 0.984994 0.0595236 0.161997 21.4141 
876 0.129193 0.372664 -0.918929 -81.5835 -0.115416 0.926048 0.359325 -1.44014 0.98488 0.0596373 0.162651 20.5586 
877 0.131721 0.372474 -0.918647 -81.6281 -0.114125 0.926258 0.359196 -1.41569 0.984695 0.0575268 0.164516 19.7812 
879 0.139055 0.371007 -0.91816 -81.3767 -0.113145 0.927048 0.357463 -1.53304 0.9838 0.0541779 0.170889 18.788 
881 0.148727 0.369323 -0.917323 -81.1813 -0.111082 0.928008 0.355615 -1.65059 0.98262 0.049009 0.179045 17.9487 
883 0.164445 0.372808 -0.913221 -80.8825 -0.108396 0.927047 0.358934 -1.31773 0.980412 0.0399642 0.192859 17.7533 
885 0.187071 0.374459 -0.908177 -80.4447 -0.106733 0.926772 0.360141 -1.17568 0.976531 0.0295602 0.213339 18.2009 
887 0.212787 0.37555 -0.902044 -79.9231 -0.107669 0.926577 0.360365 -1.12213 0.971148 0.0204413 0.237599 18.9537 
889 0.24411 0.375538 -0.894081 -79.254 -0.109929 0.926746 0.359245 -1.18096 0.963497 0.0105898 0.267511 20.2751 
891 0.282348 0.369703 -0.885211 -78.3675 -0.107107 0.929136 0.353885 -1.62719 0.953314 -0.00510653 0.301937 22.1979 
893 0.324706 0.368428 -0.871107 -77.2814 -0.108402 0.929439 0.352692 -1.69871 0.939583 -0.0200915 0.341732 24.5535 
895 0.373323 0.364176 -0.853233 -76.002 -0.10689 0.930488 0.350381 -1.87827 0.921523 -0.0396031 0.386299 27.5846 
897 0.432667 0.360489 -0.826345 -73.8915 -0.10261 0.930314 0.352119 -1.74373 0.895695 -0.0675594 0.439506 31.3402 
899 0.504488 0.357517 -0.785922 -71.0591 -0.104248 0.928807 0.355598 -1.41751 0.857102 -0.0974641 0.505842 36.3363 
901 0.588839 0.347236 -0.72986 -67.1716 -0.109657 0.928984 0.353502 -1.51372 0.800777 -0.128122 0.585099 42.6279 
903 0.669273 0.324522 -0.668401 -62.2142 -0.104206 0.931682 0.348009 -2.01309 0.735673 -0.163262 0.657366 48.1711 
905 0.743238 0.311968 -0.591839 -56.7174 -0.107867 0.92893 0.354193 -1.44665 0.660275 -0.19941 0.724067 53.6035 
907 0.80833 0.276878 -0.519558 -50.8491 -0.100174 0.934323 0.34206 -2.50868 0.580144 -0.224451 0.782978 58.1867 
909 0.864899 0.247462 -0.436706 -45.1139 -0.100831 0.937947 0.331795 -3.28704 0.491713 -0.242936 0.836182 63.3194 
911 0.909965 0.221405 -0.350634 -37.9147 -0.105946 0.941605 0.319618 -4.21811 0.400924 -0.253693 0.880284 65.3482 
912 0.930407 0.197204 -0.308955 -34.4554 -0.0974862 0.945705 0.310062 -5.04859 0.353326 -0.258365 0.899115 66.8335 
914 0.961232 0.166215 -0.220012 -27.588 -0.0928215 0.94638 0.309434 -5.13078 0.259647 -0.277016 0.925119 68.8815 
915 0.971609 0.155107 -0.178658 -24.6824 -0.093748 0.945707 0.311208 -4.97609 0.217228 -0.285623 0.933398 70.3442 
917 0.986022 0.126602 -0.108317 -19.0088 -0.0872676 0.946218 0.311538 -5.00607 0.141933 -0.29773 0.94404 70.3741 
918 0.990847 0.110378 -0.0777158 -16.5192 -0.0809663 0.946584 0.312127 -5.02473 0.108017 -0.302978 0.946856 70.5531 
920 0.995155 0.0930687 -0.0317014 -13.3103 -0.0786725 0.947151 0.31099 -5.10928 0.0589695 -0.306989 0.949884 71.8741 
922 0.996567 0.0825106 0.00675324 -10.157 -0.0805032 0.946826 0.311513 -5.03719 0.0193089 -0.310987 0.950218 69.5792 
923 0.996677 0.0786933 0.0210378 -9.12175 -0.0813194 0.946238 0.313082 -4.90473 0.0047307 -0.313752 0.949493 69.2192 
924 0.99672 0.0735213 0.0338198 -8.15027 -0.0804401 0.945833 0.31453 -4.8008 -0.00886325 -0.316219 0.948645 68.8177 
925 0.996566 0.0681541 0.0470317 -7.15365 -0.0795412 0.945805 0.314843 -4.78034 -0.023025 -0.317503 0.947978 68.4401 
926 0.996092 0.0648537 0.0599586 -6.25223 -0.0805503 0.945506 0.315483 -4.71318 -0.0362309 -0.31908 0.947035 68.1743 
928 0.994492 0.0585878 0.0869143 -4.36991 -0.0832631 0.945256 0.315529 -4.67255 -0.0636701 -0.321027 0.944927 66.8967 
929 0.993648 0.0540498 0.0987008 -3.61232 -0.082774 0.945249 0.315679 -4.6482 -0.0762344 -0.321844 0.943719 67.2342 
931 0.992242 0.0457337 0.115603 -2.23917 -0.080699 0.944284 0.319086 -4.4281 -0.0945694 -0.32594 0.940649 64.9378 
932 0.99163 0.0442537 0.121292 -1.85541 -0.0812647 0.943929 0.31999 -4.35308 -0.10033 -0.327168 0.939625 64.2529 
933 0.991125 0.0422336 0.126043 -1.52396 -0.0810218 0.943634 0.32092 -4.28568 -0.105385 -0.328285 0.938682 63.5361 
934 0.990906 0.0418487 0.127882 -1.41772 -0.0812144 0.943777 0.320452 -4.30467 -0.107282 -0.327924 0.938593 63.2089 
935 0.990549 0.0412885 0.130796 -1.21877 -0.0815689 0.943984 0.319751 -4.33958 -0.110268 -0.327398 0.93843 62.0815 
936 0.990104 0.0413916 0.134094 -1.03126 -0.0825854 0.944396 0.31827 -4.41711 -0.113464 -0.326195 0.938468 61.4357 
937 0.989692 0.0419155 0.13694 -0.904594 -0.0836661 0.945286 0.315331 -4.58084 -0.11623 -0.323538 0.939049 60.8014 
939 0.988778 0.0418069 0.143424 -0.515208 -0.0850771 0.946738 0.310562 -4.83997 -0.122802 -0.319279 0.93967 59.1249 
941 0.987603 0.0433671 0.150866 -0.138021 -0.0886446 0.947249 0.307997 -4.93281 -0.129551 -0.317552 0.93935 57.5407 
943 0.986504 0.043318 0.157901 0.239721 -0.0907825 0.947271 0.307303 -4.92047 -0.136263 -0.317491 0.93842 55.9304 
945 0.985568 0.0420193 0.163982 0.586718 -0.0915655 0.947086 0.307644 -4.86784 -0.142378 -0.318219 0.937265 54.2258 
947 0.985338 0.0399874 0.165859 0.747351 -0.0901728 0.947328 0.307307 -4.86052 -0.144834 -0.317758 0.937045 52.6937 
949 0.985305 0.0380742 0.166507 0.829531 -0.0886059 0.947349 0.307699 -4.82388 -0.146025 -0.317931 0.936801 51.1301 
950 0.985145 0.0386792 0.167309 0.853641 -0.0893446 0.947497 0.307031 -4.83857 -0.146649 -0.317418 0.936878 50.3469 
952 0.98504 0.0391796 0.167812 0.864854 -0.0897147 0.948028 0.305277 -4.89715 -0.14713 -0.315766 0.937361 48.7263 
953 0.984998 0.0392617 0.168039 0.894781 -0.0897227 0.948323 0.304357 -4.92573 -0.147406 -0.314868 0.937619 47.8909 
954 0.984991 0.0391389 0.168112 0.903348 -0.0896307 0.948326 0.304374 -4.90858 -0.147512 -0.314873 0.937601 47.1163 
955 0.985144 0.0384964 0.16736 0.860025 -0.0888546 0.948224 0.304919 -4.87982 -0.146957 -0.31526 0.937558 46.2164 
956 0.985205 0.0390588 0.166871 0.860374 -0.0893162 0.948018 0.305424 -4.82907 -0.146267 -0.315809 0.937481 45.5737 
957 0.985305 0.0404152 0.165955 0.796534 -0.0903646 0.947835 0.305684 -4.79503 -0.144943 -0.316188 0.937559 44.8124 
958 0.98556 0.0402652 0.16447 0.74083 -0.0897517 0.947866 0.305768 -4.77985 -0.143584 -0.316114 0.937793 44.0567 
959 0.985832 0.0402756 0.162829 0.678278 -0.0893144 0.947728 0.306325 -4.74148 -0.14198 -0.316528 0.937898 43.3165 
960 0.985747 0.0431712 0.162603 0.616891 -0.0917581 0.948066 0.304552 -4.78974 -0.14101 -0.315131 0.938514 42.5661 
961 0.985727 0.0449955 0.162226 0.566938 -0.0931564 0.948432 0.302983 -4.83485 -0.140227 -0.313771 0.939087 41.828 
962 0.986197 0.042128 0.160125 0.522494 -0.0894716 0.949327 0.301285 -4.91804 -0.139319 -0.311453 0.939993 40.9328 
964 0.986235 0.0452286 0.159046 0.456704 -0.0924355 0.948335 0.303505 -4.77003 -0.137102 -0.314029 0.939462 39.7056 
965 0.986231 0.0455021 0.158989 0.450629 -0.0930386 0.947486 0.305964 -4.65329 -0.136718 -0.316544 0.938674 39.0265 
967 0.986984 0.0401726 0.155722 0.44235 -0.0876314 0.946261 0.311305 -4.44631 -0.134848 -0.320899 0.937465 37.7042 
969 0.987131 0.0400029 0.154829 0.425478 -0.0872834 0.946045 0.312058 -4.39245 -0.133992 -0.321556 0.937362 36.3758 
971 0.987349 0.0384476 0.153828 0.412147 -0.0858007 0.945398 0.314422 -4.28848 -0.13334 -0.323643 0.936737 34.9488 
973 0.987554 0.0360873 0.153081 0.449227 -0.083441 0.945265 0.315456 -4.23718 -0.133319 -0.324303 0.936511 33.8072 
975 0.987315 0.0366748 0.154478 0.48886 -0.0842493 0.945696 0.313943 -4.25894 -0.134576 -0.322976 0.93679 32.5201 
977 0.986949 0.0370277 0.156718 0.556632 -0.0853796 0.945476 0.3143 -4.21533 -0.136535 -0.323579 0.936298 31.2605 
979 0.986492 0.0361751 0.159764 0.662579 -0.0858523 0.944807 0.31618 -4.13063 -0.139508 -0.325625 0.93515 30.0167 
981 0.985961 0.0350017 0.163263 0.7819 -0.0858965 0.944802 0.316182 -4.10638 -0.143185 -0.325767 0.934545 28.7723 
982 0.985579 0.0352629 0.165498 0.837633 -0.0869164 0.94466 0.316327 -4.08437 -0.145185 -0.32615 0.934103 28.1529 
983 0.985159 0.0364985 0.167722 0.882737 -0.0887362 0.944723 0.315632 -4.08516 -0.14693 -0.32583 0.933941 27.5331 
984 0.984786 0.036622 0.169867 0.936795 -0.089416 0.944987 0.314648 -4.10009 -0.148999 -0.32505 0.933885 26.908 
986 0.984389 0.0345619 0.172579 1.03461 -0.0880812 0.94565 0.313031 -4.1259 -0.152381 -0.323346 0.933931 25.6947 
988 0.983964 0.0332088 0.175249 1.12196 -0.0873925 0.946263 0.311367 -4.14796 -0.155492 -0.321689 0.933991 24.5171 
990 0.983835 0.0325805 0.176086 1.15865 -0.0870273 0.946371 0.311139 -4.13206 -0.156506 -0.321434 0.933909 23.3765 
992 0.984324 0.0316983 0.173498 1.1163 -0.0853826 0.946402 0.311501 -4.10621 -0.154325 -0.321432 0.934273 22.1997 
994 0.984729 0.0327831 0.170981 1.06561 -0.085596 0.946377 0.311518 -4.08267 -0.1516 -0.321396 0.934731 21.225 
996 0.985171 0.0337309 0.16823 1.01048 -0.0857606 0.946025 0.31254 -4.03703 -0.148607 -0.322333 0.934889 20.2389 
997 0.985364 0.0337775 0.167082 0.982628 -0.0854979 0.945897 0.312999 -4.01628 -0.14747 -0.322703 0.934941 19.758 
999 0.985755 0.0340407 0.164708 0.951444 -0.0849667 0.94594 0.313014 -4.00004 -0.145149 -0.322549 0.935358 18.8272 
1001 0.985933 0.0358504 0.163249 0.9108 -0.0860727 0.946159 0.312049 -3.99628 -0.143273 -0.321711 0.935935 17.9541 
1003 0.986253 0.0359691 0.161282 0.890232 -0.0852247 0.946917 0.309975 -4.01277 -0.141571 -0.319458 0.936965 17.0858 
1005 0.986614 0.0351442 0.159242 0.869371 -0.0837094 0.947175 0.309599 -4.00779 -0.139949 -0.318785 0.937438 16.4111 
1007 0.986607 0.0373583 0.158783 0.841424 -0.0858134 0.946703 0.310468 -3.97349 -0.138721 -0.319935 0.937229 15.778 
1009 0.98678 0.0377159 0.157614 0.822489 -0.0859029 0.946405 0.311348 -3.94515 -0.137424 -0.320771 0.937134 15.2077 
1011 0.986854 0.0385486 0.156952 0.807255 -0.0868758 0.945427 0.314038 -3.88849 -0.136281 -0.323545 0.936347 14.6783 
1013 0.986965 0.0391226 0.156108 0.793503 -0.0874125 0.944764 0.315881 -3.84947 -0.135127 -0.325409 0.935868 14.1561 
1015 0.986976 0.0399386 0.155829 0.804789 -0.0879786 0.944995 0.315032 -3.86733 -0.134675 -0.324639 0.936201 13.6129 
1018 0.986897 0.040111 0.156285 0.791407 -0.0881729 0.945259 0.314184 -3.84745 -0.135127 -0.323848 0.93641 12.855 
1020 0.986595 0.0410179 0.157949 0.803718 -0.0895788 0.945159 0.314087 -3.83723 -0.136403 -0.324025 0.936163 12.3415 
1022 0.985421 0.0399919 0.165364 0.896535 -0.0909997 0.945152 0.313699 -3.83026 -0.143749 -0.324174 0.935012 11.8253 
1024 0.983406 0.0348545 0.17804 1.07781 -0.0903792 0.945045 0.314201 -3.8143 -0.157304 -0.325079 0.932512 11.3127 
1027 0.980917 0.0246784 0.192855 1.32368 -0.0857755 0.945094 0.315342 -3.79196 -0.174484 -0.325866 0.929175 10.5539 
1029 0.978874 0.0234559 0.203116 1.43087 -0.0880966 0.944843 0.315452 -3.7799 -0.184513 -0.326682 0.926949 10.0575 
1032 0.978137 0.0158159 0.207361 1.54 -0.0825226 0.944759 0.317207 -3.75359 -0.190889 -0.327384 0.925409 9.33898 
1036 0.979249 0.0189802 0.20177 1.47989 -0.0835341 0.944897 0.31653 -3.74277 -0.184644 -0.326816 0.926875 8.40918 
1039 0.980615 0.0222327 0.194677 1.41053 -0.0843363 0.944693 0.316927 -3.72697 -0.176864 -0.327202 0.928255 7.738 
1043 0.983197 0.0276732 0.180436 1.29191 -0.084893 0.944368 0.317747 -3.72541 -0.161605 -0.327726 0.930849 6.92664 
1047 0.985833 0.0348584 0.16407 1.154 -0.0866463 0.943382 0.320193 -3.67446 -0.143619 -0.329872 0.933037 5.87099 
1050 0.987495 0.0442697 0.151304 1.03798 -0.0908992 0.944045 0.317044 -3.68217 -0.128802 -0.326833 0.936264 4.98765 
1053 0.989039 0.0504037 0.138786 0.960319 -0.0922543 0.944831 0.314299 -3.68242 -0.115287 -0.323657 0.939125 4.02843 
1058 0.990101 0.0616584 0.12609 0.864119 -0.0989094 0.943888 0.315106 -3.65581 -0.0995856 -0.324459 0.940643 2.26906 
1060 0.991007 0.0582401 0.120468 0.882639 -0.0940627 0.943535 0.317637 -3.63965 -0.095167 -0.326112 0.940529 1.5036 
1062 0.992406 0.0607356 0.106966 0.874912 -0.0918476 0.944318 0.315956 -3.63326 -0.0818198 -0.323381 0.942725 0.694342 
1064 0.99149 0.0803359 0.102435 0.772922 -0.109085 0.942139 0.316977 -3.62635 -0.0710439 -0.325453 0.942885 -0.0871782 
1066 0.99036 0.0744313 0.11682 0.785035 -0.108672 0.940455 0.32208 -3.6071 -0.0858915 -0.33167 0.939477 -0.847566 
1068 0.988198 0.0509353 0.144463 0.851147 -0.0966633 0.938962 0.330161 -3.60498 -0.118829 -0.340229 0.932804 -1.59779 
1072 0.973071 0.0182054 0.229784 0.728448 -0.0932976 0.942676 0.320403 -3.55682 -0.210779 -0.333213 0.918989 -3.18884 
1074 0.961311 -0.00585791 0.275404 0.63958 -0.084952 0.944739 0.316624 -3.5192 -0.26204 -0.32777 0.907691 -3.96446 
1076 0.94848 -0.0201472 0.316196 0.491938 -0.0836171 0.946677 0.311143 -3.48082 -0.305604 -0.321553 0.89622 -4.72029 
1078 0.942523 -0.0371876 0.332064 0.465672 -0.0711336 0.948676 0.308145 -3.4173 -0.326481 -0.314055 0.891504 -5.45824 
