0.0005245
0.0004727
0.0004189
0.0004554
0.0006535
0.0009907
0.0008653
0.0003769
0.0005831
0.001343
0.0005736
0.001786
0.001439
0.0004784
0.0004693
0.001103
0.0003878
0.0007462
0.0003092
0.0003367
0.0003714
0.0003719
0.0003181
0.0003526
0.0003655
0.0003528
0.0003471
0.000308
0.0003608
0.0003336
0.0003617
0.0003822
0.0003652
0.000307
0.0002826
0.0003848
0.0004552
0.0004302
0.0004783
0.0004577
0.0004123
0.0004098
0.0003988
0.0004153
0.0004191
0.0003716
0.000349
0.0003576
0.0003366
0.0002743
0.000279
0.0002592
0.000317
0.0003483
0.0003632
0.0004018
0.0006421
0.0003622
0.001085
0.0004028
0.0004453
0.0004125
0.00046
0.0004346
0.0004948
0.0004259
0.000333
0.0005375
0.0003792
0.0004923
0.0003767
0.0004316
0.0003573
0.0004848
0.0005184
0.0005751
0.0004383
0.0005193
0.0004935
0.0007136
0.000481
0.0003734
0.0004578
0.0005438
0.0004082
0.0004771
0.0004723
0.0004979
0.0004617
0.0004475
0.000521
0.0004378
0.0004049
0.0004074
0.0004163
0.000433
0.0004401
0.0004547
0.0008857
0.0004879
0.0004211
0.0004363
0.0003258
0.0003444
0.0004435
0.0004008
0.0009631
0.0004109
0.0003737
0.000815
0.0002786
0.0002992
0.0003141
0.0003421
0.0003248
0.0002778
0.0002844
0.0002388
0.0003032
0.0004616
0.0005236
0.000333
0.0004669
0.0003576
0.0004278
0.0004712
0.0006639
0.000442
0.0003604
0.0003477
0.0003931
0.0003774
0.000614
0.0006617
0.000394
0.0003952
0.0006314
0.0004382
0.0003489
0.0003674
0.0004229
0.0004868
0.0003875
0.0008547
0.0004683
0.0005303
0.0004029
0.0005864
0.0004468
0.000424
0.0004191
0.0003591
0.0004006
0.0004177
0.000399
0.0003407
0.0003301
0.0003276
0.0003163
0.0003508
0.0003506
0.0003481
0.0003421
0.0003799
0.0004303
0.0005103
0.000503
0.000347
0.0004195
0.0003206
0.0003342
0.0005232
0.0004473
0.0005591
0.0007846
0.0005786
0.0003673
0.0005193
0.000422
0.0007145
0.0004904
0.000514
0.0004106
0.0004527
0.0005168
0.001144
0.0005156
0.0005374
0.0005102
0.0006713
0.000373
0.0006379
0.0003758
0.0004577
0.0004659
0.000526
0.000512
0.0005303
0.0004775
0.0005577
0.0004287
0.0003946
0.0003722
0.0007229
0.0009085
0.0005175
0.0004593
0.0003903
0.0004568
0.0005004
0.0004073
0.0006965
0.0004269
0.0005409
0.000453
0.0005577
0.000585
0.0004294
0.0008058
0.0005027
0.0007561
0.0004476
0.000609
0.0005839
0.0005483
0.0005044
0.0004574
0.000389
0.0004941
0.0004139
0.0006485
0.0005487
0.0005655
0.0006012
0.0005253
0.0005013
0.0006234
0.0004542
0.0005021
0.0004146
0.0004222
0.0003991
0.000373
0.0003614
0.0003614
0.0004565
0.0006019
0.0006587
0.000513
0.0004943
0.0004389
0.0004411
0.0005158
0.0004764
0.0003689
0.0004011
0.0003815
0.0004161
0.0004095
0.000454
0.0004869
0.0003923
0.0004509
0.000339
0.000434
0.0003918
0.0003235
0.0003634
0.0003226
0.0003387
0.0004984
0.0005803
0.0005371
0.0004792
0.000509
0.0006275
0.0005127
0.0005306
0.0006396
0.000494
0.0005011
0.0005
0.0004357
0.0004974
0.0004918
0.0005215
0.0004025
0.0004344
0.0003654
0.0003583
0.0003519
0.000306
0.0003447
0.0003859
0.0004134
0.0003636
0.0003972
0.0005392
0.0004678
0.0003601
0.0003502
0.000466
0.0004275
0.0009006
0.0005223
0.0005204
0.0005026
0.0003856
0.0004654
0.0003532
0.000311
0.0003548
0.0004423
0.000431
0.0004611
0.0004696
0.0005514
0.000368
0.0003404
0.001056
0.0004703
0.0004215
0.0003762
0.0004774
0.0005046
0.0004498
0.0006063
0.0005613
0.0004113
0.0005317
0.000532
0.0004389
0.000631
0.0004329
0.0007055
0.0005377
0.0004688
0.0004374
0.0004299
0.000412
0.0003824
0.0003471
0.0003813
0.0006022
0.0003877
0.0003753
0.0003355
0.0003446
0.0003233
0.0003865
0.0003713
0.0003984
0.0004029
0.000393
0.0003839
0.0003532
0.0003641
0.0003819
0.0003727
0.0004778
0.0003625
0.0004152
0.000358
0.0004852
0.0003262
0.0003176
0.0003091
0.000251
0.0002943
0.0003242
0.000365
0.0004584
0.0004335
0.0004526
0.0004537
0.0004838
0.0005389
0.0003268
0.0003796
0.0004523
0.0003921
0.0002875
0.0004183
0.0004469
0.0004558
0.0002918
0.0003792
0.000303
0.000335
0.0003118
0.0003786
0.0004557
0.00034
0.0005519
0.0005212
0.0006041
0.0004933
0.0003819
0.0004151
0.0003612
0.000419
0.0006121
0.0003623
0.0008407
0.000408
0.0005207
0.0003835
0.0003788
0.0003566
0.0003803
0.0003559
0.0003394
0.0009167
0.0007512
0.0004688
0.000561
0.000423
0.0003672
0.0003213
0.0003942
0.0003666
0.0004865
0.0003409
0.0004847
0.000259
0.00037
0.0003866
0.0003036
0.0003961
0.000661
0.0003623
0.0004651
0.0005884
0.0003713
0.0003775
0.0004288
0.0004303
0.0003988
0.0003273
0.0003666
0.0003641
0.0002812
0.0003958
0.0005761
0.0003611
0.0003915
0.0003888
0.0004617
0.0004106
0.0003885
0.0006726
0.0004531
0.0003823
0.0002875
0.00052
0.0008171
0.0004145
0.0003208
0.0005217
0.0003962
0.0004492
0.0004263
0.0003233
0.000327
0.0003462
0.0003187
0.0004518
0.0004057
0.0003801
0.0004453
0.0003749
0.0004579
0.000422
0.0004281
0.001058
0.000456
0.000613
0.0005673
0.0004825
0.000375
0.0001466
0.000235
0.0003993
0.0005127
0.0005532
0.000647
0.0004522
0.0006029
0.0005525
0.0005926
0.000567
0.0008046
0.0006088
0.0006458
0.0004708
0.0004936
0.0005416
0.0005249
0.0004921
0.0005479
0.0004615
0.0004918
0.0004502
0.000475
0.0005615
0.000571
0.000448
0.0004478
0.0004346
0.0004316
0.0003911
0.0003737
0.0004747
0.0003286
0.0003476
0.0003638
0.0003187
0.0003425
0.000309
0.0007002
0.000326
0.0003279
0.0003197
0.00032
0.0003013
0.0003317
0.0002977
0.0003124
0.0002842
0.0004341
0.0003321
0.0003055
0.0002977
0.0003441
0.0002934
0.0002898
0.0003728
0.0002778
0.0002408
0.0002865
0.0003723
0.0003235
0.0004045
0.000339
0.0003407
0.0004505
0.0003495
0.0004064
0.0002613
0.0004047
0.0004894
0.0003552
0.0003991
0.0003291
0.0004033
0.0003357
0.0003089
0.0003311
0.0003768
0.0004318
0.0002649
0.0004475
0.0002416
0.0004276
0.000419
0.0002334
0.0003201
0.0003799
0.0003679
0.0002932
0.0002982
0.0002583
0.0003171
0.0004866
0.0004409
0.0006717
0.0004708
0.0004802
0.0004581
0.0003218
0.0004306
0.000279
0.0003646
0.0004089
0.0002754
0.0007642
0.0003441
0.0004021
0.0003014
0.0003926
0.0004952
0.0004327
0.0003033
0.0004409
0.00034
0.0003009
0.0002971
0.0002909
0.0003276
0.0003314
0.0005727
0.0003948
0.0005777
0.0006123
0.0003862
0.0003999
0.0004979
0.000409
0.0006061
0.0004152
0.0004717
0.0003366
0.0004341
0.0003961
0.0004828
0.000341
0.001132
0.0005243
0.0005444
0.0007984
0.0006007
0.0005109
0.0004732
0.0004653
0.0004428
0.0004155
0.0003952
0.0003965
0.0004552
0.0005901
0.0004828
0.001401
0.0009713
0.0007042
0.0004802
0.0006887
0.000479
0.0006357
0.0003761
0.0004181
0.000447
0.0004334
0.0004113
0.0003697
0.0003515
0.0002993
0.0004713
0.0003166
0.0003197
0.0005497
0.0004099
0.0003455
0.0007247
0.0003251
0.0003177
0.0003057
0.0004272
0.0003979
0.0004097
0.0006119
0.0003974
0.0003826
0.0006201
0.0006077
0.0007148
0.0005916
0.001304
0.000621
0.0003839
0.0004775
0.0003594
0.0008655
0.000882
0.0003251
0.0004119
0.0003217
0.0004458
0.0005897
0.0004014
0.0004044
0.000378
0.0005622
0.0004959
0.0004159
0.0003947
0.0003884
0.0005508
0.0003813
0.0005715
0.0005536
0.000599
0.0006171
0.0006124
0.001715
0.0004951
0.0006381
0.0006179
0.0005681
0.0007977
0.0005474
0.0008378
0.0005839
0.0006854
0.000767
0.0006463
0.0005406
0.0007863
0.0004052
0.0005946
0.00054
0.0004086
0.0004325
0.000662
0.0003742
0.0006987
0.0003894
0.001853
0.0005356
0.0005071
0.0004575
0.0004125
0.0004264
0.0005226
0.0004551
0.0004452
0.0005635
0.0004284
0.0006742
