798 0.002294
694 0.002867
955 0.003615
1143 0.005828
1265 0.007057
1197 0.008447
1014 0.005854
918 0.006748
947 0.006921
1026 0.01042
1004 0.006621
977 0.006114
946 0.004827
916 0.00602
952 0.007401
922 0.005902
908 0.005637
865 0.005307
827 0.008025
956 0.005938
909 0.005676
1032 0.007611
971 0.006357
882 0.0063
906 0.009108
832 0.005735
775 0.005309
737 0.005345
713 0.004707
702 0.006644
675 0.004709
634 0.004611
633 0.004969
634 0.004762
647 0.004555
615 0.004498
631 0.006872
633 0.007803
634 0.004367
595 0.004108
576 0.004217
557 0.004093
587 0.006276
738 0.005057
719 0.005093
682 0.004927
678 0.004811
710 0.007489
739 0.004431
901 0.005184
825 0.004762
761 0.004938
747 0.004757
739 0.004963
718 0.004577
852 0.005733
782 0.008298
740 0.005337
748 0.005155
755 0.005112
723 0.005114
670 0.005074
651 0.005023
658 0.004537
701 0.004599
715 0.007909
729 0.007519
721 0.006172
706 0.004721
667 0.007576
657 0.007971
664 0.004465
684 0.004497
843 0.00546
826 0.005296
808 0.008476
942 0.00639
867 0.008824
792 0.009283
795 0.005417
888 0.005703
848 0.005645
832 0.005359
793 0.004969
969 0.0062
929 0.006404
893 0.005924
909 0.00606
903 0.005822
923 0.005673
931 0.005729
952 0.006025
960 0.005857
943 0.006008
940 0.005836
1117 0.008284
1071 0.006379
1020 0.009056
1036 0.006389
994 0.005707
954 0.005673
913 0.005008
1038 0.005794
1124 0.006489
1117 0.006325
1122 0.006295
1261 0.007866
1134 0.007178
987 0.009033
920 0.005537
1031 0.006643
1021 0.006069
1008 0.006634
904 0.006251
856 0.006499
804 0.005178
822 0.008438
820 0.005454
900 0.008935
852 0.005771
809 0.005387
899 0.006268
906 0.006256
854 0.00911
725 0.005026
662 0.004274
693 0.004774
647 0.004364
716 0.004916
697 0.008084
599 0.004919
573 0.004382
699 0.005141
714 0.005046
824 0.006541
790 0.009482
743 0.005489
672 0.005629
652 0.004648
643 0.004702
629 0.00421
684 0.004484
655 0.006806
768 0.004861
720 0.004952
718 0.009157
846 0.005359
709 0.004923
615 0.004675
710 0.005258
660 0.004888
632 0.006932
602 0.004851
547 0.004636
510 0.00433
479 0.007144
475 0.003994
569 0.004494
576 0.00452
588 0.004463
560 0.004894
537 0.004761
527 0.004212
681 0.00699
666 0.007012
640 0.004524
608 0.004412
593 0.004331
720 0.005251
653 0.00502
565 0.004709
525 0.004544
483 0.007707
428 0.003859
398 0.003783
411 0.00385
469 0.003966
589 0.004494
620 0.004932
635 0.004632
621 0.004238
621 0.00467
801 0.005307
819 0.005956
790 0.008486
735 0.004752
694 0.004626
831 0.005437
747 0.005541
684 0.005102
665 0.004729
603 0.004464
543 0.005703
514 0.004477
531 0.004341
531 0.004583
668 0.004931
671 0.004761
667 0.004694
666 0.004789
641 0.00448
742 0.005216
788 0.005329
745 0.005903
738 0.007912
932 0.006945
939 0.00937
882 0.005329
871 0.005865
847 0.009087
783 0.005282
709 0.004874
869 0.006186
842 0.006607
820 0.007949
759 0.005419
694 0.004868
855 0.00654
836 0.00887
773 0.005217
696 0.004706
665 0.008358
800 0.008757
762 0.008419
788 0.009052
758 0.005034
695 0.005103
652 0.004603
608 0.004389
740 0.005174
695 0.005059
611 0.007251
550 0.004309
685 0.004973
710 0.005168
799 0.006341
770 0.005871
697 0.005243
636 0.004978
623 0.004838
649 0.008071
765 0.008798
752 0.005856
687 0.00515
651 0.004925
586 0.004507
681 0.005497
654 0.005172
632 0.004844
619 0.004753
586 0.004448
566 0.007455
586 0.004407
600 0.004665
621 0.004447
612 0.004144
615 0.004572
624 0.004263
750 0.004932
890 0.00781
927 0.005796
879 0.005704
791 0.005304
796 0.00779
937 0.009164
797 0.005816
716 0.005075
713 0.005198
718 0.005075
651 0.004654
584 0.007483
558 0.004079
670 0.004557
629 0.004148
604 0.007088
594 0.00759
604 0.004412
622 0.00454
565 0.003772
573 0.004112
631 0.004313
677 0.004235
704 0.004626
705 0.004343
724 0.005091
719 0.004691
692 0.004545
694 0.004693
879 0.005443
903 0.008736
950 0.005616
971 0.005792
960 0.005847
958 0.005842
1119 0.007957
1067 0.007419
1048 0.006671
1032 0.006486
1030 0.006845
1004 0.005764
959 0.00579
905 0.005265
1100 0.006811
1101 0.006792
1067 0.006191
1255 0.008007
1189 0.007876
1235 0.008838
1116 0.007697
999 0.006951
960 0.006231
903 0.005895
901 0.005344
988 0.006303
889 0.005377
989 0.006472
902 0.005659
855 0.005112
828 0.005358
796 0.004807
894 0.00524
887 0.01132
774 0.007993
785 0.004957
796 0.004816
780 0.005124
711 0.004832
710 0.004426
732 0.004718
715 0.005454
657 0.004192
659 0.004299
806 0.00991
831 0.004761
799 0.004529
935 0.005536
922 0.005925
822 0.005354
945 0.006001
850 0.008223
746 0.005132
672 0.004584
673 0.004631
756 0.00524
755 0.005128
746 0.005548
747 0.005039
682 0.004685
686 0.004789
727 0.005096
867 0.006038
814 0.005775
798 0.008963
832 0.005763
827 0.005773
817 0.005509
812 0.005566
820 0.005432
818 0.005423
872 0.005458
838 0.005243
775 0.005216
700 0.004581
652 0.004495
754 0.008036
850 0.008295
976 0.006746
992 0.006278
945 0.006348
858 0.005925
738 0.005254
648 0.004758
741 0.005402
703 0.005162
658 0.004577
641 0.004455
739 0.004854
677 0.004382
590 0.006655
652 0.004763
595 0.00419
648 0.00794
640 0.00501
639 0.004607
735 0.004753
750 0.004799
795 0.005137
828 0.005638
809 0.004992
812 0.004967
878 0.005396
774 0.004996
661 0.004667
681 0.004443
745 0.00573
780 0.004706
764 0.004733
731 0.005109
869 0.005159
833 0.005287
746 0.004679
718 0.004748
712 0.004439
710 0.004411
863 0.005562
811 0.004775
741 0.007863
726 0.00439
719 0.004636
727 0.00739
907 0.005951
932 0.005802
833 0.006952
743 0.004883
683 0.004894
621 0.004562
627 0.004462
608 0.004306
618 0.007632
585 0.004115
609 0.004583
605 0.004312
615 0.004062
605 0.004323
632 0.004431
797 0.005363
732 0.005145
673 0.005068
633 0.00454
618 0.004649
754 0.005294
726 0.004951
844 0.005973
805 0.005826
741 0.005505
765 0.00509
735 0.005085
715 0.004726
650 0.004691
585 0.004853
701 0.008001
726 0.005038
716 0.004707
715 0.005101
628 0.003901
589 0.004364
605 0.00411
667 0.004315
878 0.008794
883 0.005667
862 0.005556
863 0.0055
849 0.005386
829 0.005428
795 0.005187
758 0.005038
715 0.004839
652 0.004599
601 0.004269
709 0.00501
720 0.00473
679 0.004791
651 0.004509
622 0.003745
629 0.004198
772 0.005018
910 0.006078
948 0.006028
978 0.006217
984 0.00584
919 0.006148
829 0.005289
772 0.004984
900 0.005759
1043 0.0068
975 0.00695
899 0.006087
800 0.005708
742 0.00523
702 0.004817
670 0.005139
840 0.005348
831 0.006329
805 0.005395
773 0.005466
770 0.005319
736 0.005005
708 0.005165
690 0.004966
670 0.004801
675 0.005032
696 0.004885
711 0.004721
809 0.005328
1011 0.006813
904 0.004764
861 0.00567
837 0.005957
820 0.005566
826 0.005667
875 0.005239
1058 0.005522
1162 0.007798
1041 0.006907
1022 0.006935
1032 0.00826
901 0.009783
854 0.00576
828 0.005733
838 0.005592
807 0.005504
795 0.005378
778 0.005676
746 0.005104
663 0.00476
626 0.004541
641 0.004634
755 0.005382
729 0.005156
859 0.006616
802 0.006031
805 0.005723
762 0.005495
725 0.005513
701 0.005228
684 0.004903
654 0.004754
605 0.004986
611 0.004486
738 0.005488
692 0.004903
667 0.004699
714 0.009538
867 0.006392
828 0.006091
782 0.00578
732 0.005248
752 0.005329
726 0.005248
678 0.00486
816 0.005712
756 0.005155
703 0.004771
695 0.004843
695 0.005094
833 0.005971
846 0.005852
919 0.006279
852 0.006051
774 0.007515
714 0.008024
688 0.004746
648 0.004486
629 0.004552
617 0.004393
781 0.004934
916 0.009556
911 0.009706
868 0.00579
884 0.005691
907 0.006477
846 0.00564
755 0.005591
737 0.005298
725 0.005223
783 0.00557
1009 0.006444
1047 0.007068
1072 0.006515
1015 0.006442
994 0.006093
926 0.005663
1086 0.006609
1083 0.00809
1073 0.007238
1049 0.00677
993 0.006972
946 0.006157
919 0.00562
1080 0.007357
1039 0.006502
911 0.005313
859 0.005417
845 0.004828
1037 0.00664
1176 0.00757
1132 0.007538
1067 0.00829
1000 0.006131
907 0.006284
983 0.006758
905 0.006366
884 0.006468
810 0.008621
860 0.006039
812 0.005463
787 0.005291
732 0.004919
661 0.004834
721 0.00516
779 0.005703
766 0.005914
708 0.005267
650 0.004974
639 0.004752
717 0.005487
718 0.005479
708 0.005637
745 0.00568
772 0.00562
749 0.005149
784 0.005083
750 0.005333
915 0.006497
898 0.005961
898 0.006206
845 0.005689
843 0.005403
874 0.005553
865 0.00572
854 0.005373
879 0.005504
865 0.005961
1085 0.01037
1016 0.006287
867 0.005468
793 0.008317
780 0.004723
780 0.004942
789 0.004754
1014 0.007709
971 0.006841
1061 0.006761
1125 0.007998
1063 0.00683
974 0.005847
921 0.005681
886 0.005439
1009 0.009682
1154 0.01125
1054 0.007686
1017 0.007207
977 0.009389
950 0.006839
842 0.008342
809 0.006412
762 0.005316
884 0.006533
870 0.006301
823 0.006261
843 0.00584
792 0.005887
884 0.006265
914 0.00683
957 0.007143
980 0.006677
874 0.006623
807 0.009446
740 0.004737
673 0.00477
661 0.004632
742 0.005106
687 0.004855
633 0.004563
638 0.004415
631 0.004472
633 0.006239
635 0.004747
682 0.004692
724 0.004863
724 0.004989
693 0.004518
680 0.004508
680 0.004607
695 0.004905
716 0.006049
688 0.004433
849 0.006084
846 0.008801
793 0.005697
764 0.005341
709 0.004827
648 0.004626
779 0.005581
896 0.007232
907 0.006307
871 0.006521
794 0.005896
726 0.006483
819 0.006146
813 0.009351
799 0.006318
808 0.005543
827 0.005916
757 0.005398
855 0.006012
882 0.006048
844 0.005971
858 0.009356
925 0.006081
1066 0.009903
981 0.006456
924 0.006281
873 0.005348
797 0.005676
762 0.00555
726 0.005382
740 0.005099
758 0.004697
767 0.004507
689 0.00469
829 0.005848
781 0.005641
727 0.005627
696 0.005468
677 0.005399
720 0.005202
706 0.005101
682 0.004443
802 0.005153
914 0.007216
893 0.007011
891 0.006464
888 0.009283
855 0.006761
812 0.00565
815 0.005412
894 0.006082
854 0.0058
873 0.00637
861 0.00607
782 0.005442
882 0.005959
904 0.006145
875 0.006353
826 0.00592
767 0.005455
771 0.005603
746 0.005386
753 0.005315
682 0.00502
648 0.005005
681 0.005387
851 0.006072
837 0.009941
775 0.005736
766 0.005347
767 0.004992
773 0.004947
782 0.005423
978 0.006693
1148 0.009101
1090 0.007281
1057 0.006924
993 0.006999
928 0.006629
879 0.006139
836 0.006458
812 0.005684
756 0.005382
708 0.005104
831 0.005938
810 0.01248
800 0.00907
785 0.005943
767 0.00515
765 0.005408
729 0.005581
873 0.004872
812 0.005632
796 0.006106
774 0.005217
709 0.005257
682 0.004805
632 0.004697
624 0.004618
631 0.00469
641 0.004535
618 0.00463
609 0.004553
572 0.004378
523 0.004326
659 0.0049
741 0.005168
923 0.009964
1088 0.008248
1054 0.008107
1024 0.008078
986 0.007183
1107 0.01209
1056 0.007972
1048 0.00748
1008 0.007286
974 0.006717
880 0.006704
954 0.007112
877 0.00661
895 0.00645
866 0.005912
848 0.005881
777 0.007741
655 0.005432
612 0.004773
648 0.004327
716 0.004689
733 0.004806
741 0.005515
869 0.005468
834 0.005616
792 0.005761
771 0.005559
931 0.006711
845 0.006529
736 0.005683
711 0.005033
853 0.006477
804 0.005834
745 0.005143
698 0.005373
639 0.005873
614 0.004722
776 0.005593
738 0.00544
807 0.006328
757 0.005903
674 0.008445
598 0.00517
555 0.005859
557 0.004685
583 0.004816
648 0.005577
565 0.004201
522 0.004106
589 0.003776
650 0.004054
706 0.004153
730 0.003247
779 0.005393
786 0.004737
820 0.004928
833 0.004671
865 0.005032
1100 0.006618
1240 0.008454
1352 0.01071
1213 0.009564
1109 0.006611
1072 0.007673
1088 0.006424
1085 0.007874
1147 0.008929
1086 0.008596
1045 0.007318
1052 0.007039
1106 0.008302
1031 0.007273
970 0.006778
914 0.006117
837 0.005418
952 0.006617
873 0.00586
837 0.005597
979 0.006448
977 0.007669
971 0.00632
956 0.005889
917 0.006274
1007 0.009469
919 0.005794
1027 0.006348
940 0.006284
946 0.005947
920 0.009806
775 0.005119
693 0.004855
653 0.00638
643 0.007314
649 0.004594
760 0.005225
836 0.006202
838 0.005939
779 0.006129
729 0.005537
715 0.005057
777 0.006808
755 0.00562
680 0.005174
712 0.0055
667 0.005163
654 0.004992
625 0.004537
594 0.004871
600 0.004258
706 0.005035
648 0.004678
614 0.004655
680 0.004994
765 0.005247
812 0.005227
836 0.005592
837 0.005598
847 0.005554
869 0.00527
1084 0.006598
1050 0.00587
1141 0.006377
1202 0.008111
967 0.006545
835 0.005745
780 0.005434
810 0.00665
724 0.004765
825 0.006007
834 0.005709
807 0.005282
783 0.005053
690 0.004554
699 0.005239
665 0.004845
801 0.005574
760 0.005324
603 0.004327
557 0.004435
681 0.004853
724 0.004975
703 0.007551
633 0.004543
746 0.00515
737 0.005275
776 0.005417
723 0.00495
707 0.004875
712 0.007659
714 0.004958
882 0.005746
827 0.005367
800 0.005236
779 0.005068
746 0.004964
692 0.0045
632 0.004315
580 0.004098
590 0.004139
750 0.005033
718 0.01074
631 0.004829
573 0.004123
586 0.004205
610 0.004633
627 0.004496
639 0.004766
643 0.004907
604 0.0045
563 0.004022
553 0.004387
702 0.0053
828 0.009596
968 0.007391
979 0.007501
898 0.005816
782 0.006183
730 0.005681
813 0.006262
828 0.005722
766 0.006575
733 0.005484
663 0.00398
741 0.005181
713 0.004884
643 0.004672
771 0.005698
728 0.005468
712 0.004843
799 0.008997
934 0.006029
919 0.005855
883 0.005947
837 0.005271
799 0.005169
736 0.005258
653 0.004923
597 0.004408
547 0.004006
565 0.004189
580 0.004
694 0.004999
759 0.005653
888 0.007084
905 0.006473
927 0.006379
939 0.006237
1013 0.006389
958 0.005551
874 0.006351
832 0.005577
800 0.005939
781 0.005304
710 0.005106
812 0.005642
739 0.004375
667 0.005085
655 0.00494
701 0.004707
735 0.00519
732 0.004947
697 0.004807
699 0.004916
679 0.004869
665 0.00526
627 0.004733
776 0.006108
761 0.00582
748 0.005296
774 0.005439
781 0.005413
758 0.004253
765 0.007322
804 0.007774
800 0.005257
794 0.005362
751 0.004527
795 0.004941
998 0.006225
1124 0.005986
1016 0.007008
889 0.00594
816 0.004678
973 0.006551
884 0.005223
816 0.006664
898 0.006336
837 0.006149
776 0.005783
730 0.005865
695 0.005418
753 0.005477
717 0.005771
705 0.005477
709 0.005345
676 0.005524
620 0.004085
627 0.004995
625 0.003758
585 0.006663
561 0.004705
696 0.004998
681 0.00425
788 0.006121
781 0.005968
812 0.005799
751 0.005917
694 0.00522
687 0.008567
687 0.005251
806 0.006354
730 0.005424
687 0.00537
671 0.004998
666 0.005077
626 0.004445
769 0.004696
763 0.00571
774 0.005311
718 0.004668
690 0.004664
674 0.004522
796 0.005467
714 0.005238
663 0.004146
671 0.00499
656 0.004949
624 0.004628
639 0.004572
692 0.004679
695 0.004873
667 0.005261
870 0.005632
853 0.005925
848 0.005529
847 0.005138
1055 0.006574
1073 0.01031
1081 0.007268
1054 0.006992
991 0.006516
973 0.00667
987 0.006253
1148 0.007518
1102 0.006259
992 0.005692
914 0.006638
842 0.006227
831 0.006286
806 0.005623
771 0.005279
766 0.005504
716 0.004626
669 0.004661
664 0.004699
773 0.006017
837 0.006179
788 0.005769
761 0.005697
755 0.005904
665 0.005456
615 0.005278
693 0.005667
647 0.007343
598 0.005278
524 0.005013
621 0.005563
624 0.005126
667 0.005497
629 0.005145
581 0.004581
559 0.004731
572 0.004736
672 0.005538
646 0.004419
588 0.005066
563 0.003511
554 0.003867
638 0.005132
613 0.005206
562 0.005009
568 0.004638
569 0.004776
557 0.004196
535 0.004148
682 0.005299
680 0.004775
654 0.004832
637 0.004726
609 0.004498
715 0.004914
629 0.004839
664 0.005511
686 0.005779
681 0.005261
660 0.005038
593 0.005377
550 0.004858
511 0.004578
554 0.005027
507 0.004607
465 0.004432
451 0.004208
477 0.004419
591 0.004115
586 0.005425
558 0.005141
531 0.004556
543 0.004619
694 0.005281
702 0.005069
772 0.006017
756 0.005213
792 0.005057
797 0.005036
926 0.004822
829 0.005512
801 0.005373
800 0.005279
963 0.005866
935 0.006423
857 0.005989
773 0.005888
737 0.004499
730 0.004901
686 0.005013
634 0.005009
573 0.005023
575 0.004483
571 0.004658
594 0.004598
576 0.004402
694 0.004873
649 0.005211
634 0.005003
599 0.004663
548 0.004492
553 0.00435
571 0.004507
638 0.004703
838 0.00622
1025 0.007311
1049 0.007399
940 0.006987
889 0.005993
887 0.006174
880 0.006323
816 0.005683
860 0.006625
745 0.005848
702 0.004252
671 0.004945
668 0.005136
659 0.005092
633 0.004827
621 0.00459
614 0.005082
600 0.004542
592 0.004475
620 0.003736
642 0.004465
807 0.005584
951 0.006162
893 0.006307
833 0.005736
794 0.004631
764 0.004596
733 0.005348
712 0.003771
669 0.00502
648 0.005035
662 0.004615
711 0.004953
731 0.003894
811 0.004899
757 0.004275
702 0.004841
647 0.004964
603 0.004588
583 0.00458
703 0.00591
726 0.004913
796 0.005161
774 0.005517
737 0.005382
685 0.005304
824 0.006314
834 0.00595
904 0.006299
884 0.006131
842 0.005686
824 0.005566
775 0.005277
744 0.005532
700 0.005209
687 0.004561
821 0.005241
756 0.006981
646 0.005567
583 0.00462
558 0.004447
665 0.005364
637 0.005003
594 0.004836
555 0.004787
659 0.005368
624 0.005328
598 0.005334
617 0.004891
746 0.004538
700 0.005296
646 0.004828
614 0.004968
566 0.003744
521 0.004453
530 0.003605
626 0.005159
619 0.005215
610 0.004887
627 0.004501
634 0.004752
633 0.003701
645 0.004244
681 0.004758
747 0.005047
949 0.006145
893 0.005814
815 0.005561
691 0.0049
774 0.005661
748 0.006517
747 0.005273
714 0.005082
661 0.00459
637 0.004973
639 0.005106
636 0.004412
609 0.004912
599 0.0042
754 0.005206
753 0.00536
726 0.004911
719 0.005323
716 0.00499
751 0.004739
975 0.006236
961 0.006231
1127 0.007702
1072 0.007651
1009 0.007348
939 0.006926
898 0.006158
853 0.005567
889 0.006025
1075 0.00712
1041 0.006616
957 0.006025
908 0.005934
891 0.005967
929 0.005605
922 0.005219
858 0.005042
840 0.005336
1057 0.006722
1087 0.007275
1036 0.006537
1033 0.007793
1224 0.008271
1159 0.00711
1099 0.006769
1235 0.008528
1106 0.007832
1036 0.007009
1092 0.006926
1009 0.00698
916 0.006902
890 0.005601
946 0.008058
850 0.005791
942 0.00669
871 0.006336
796 0.006254
810 0.006408
778 0.005666
831 0.009218
730 0.005753
665 0.006676
730 0.00588
743 0.005829
648 0.005292
576 0.005187
520 0.004097
463 0.006798
543 0.004455
601 0.005233
574 0.007626
569 0.004676
548 0.004543
554 0.005494
541 0.004746
600 0.00486
520 0.004854
447 0.004202
412 0.004391
422 0.00447
422 0.004534
417 0.005303
422 0.004321
438 0.00362
479 0.004257
565 0.006432
554 0.004809
531 0.004844
550 0.004623
542 0.004492
653 0.004817
587 0.004863
532 0.004861
510 0.00419
531 0.004846
516 0.004817
549 0.004703
575 0.00465
593 0.004613
604 0.004853
602 0.004566
641 0.004678
610 0.004696
622 0.004613
594 0.004521
605 0.004612
597 0.004331
612 0.004342
610 0.004408
626 0.004593
612 0.004535
781 0.007597
745 0.0054
658 0.005285
606 0.004592
562 0.004382
536 0.00435
516 0.004148
647 0.005371
655 0.005073
737 0.005548
702 0.005289
672 0.005133
619 0.005177
557 0.005041
510 0.004906
478 0.004126
472 0.004311
534 0.004237
484 0.004389
556 0.004375
527 0.004482
525 0.004809
502 0.004515
510 0.004641
511 0.00434
524 0.004524
529 0.004466
614 0.004442
579 0.004618
544 0.00425
510 0.004312
578 0.004468
577 0.004653
593 0.004978
550 0.004531
553 0.004511
585 0.004706
587 0.004821
662 0.005317
694 0.004799
709 0.00522
685 0.004881
668 0.00459
642 0.004498
600 0.004226
595 0.004521
616 0.004428
632 0.004207
755 0.00625
680 0.00518
689 0.005428
858 0.006452
861 0.005971
881 0.0059
830 0.005504
758 0.005624
717 0.005756
677 0.004751
678 0.005139
720 0.005453
906 0.006181
1111 0.01058
1158 0.007823
1047 0.00776
998 0.006311
926 0.00637
876 0.005986
830 0.006359
802 0.005047
810 0.005493
799 0.005103
792 0.00514
731 0.004877
684 0.004919
856 0.006293
798 0.006683
745 0.005554
695 0.004932
788 0.005936
721 0.005475
685 0.005402
643 0.005222
614 0.005316
560 0.004669
516 0.00422
600 0.005029
540 0.005023
509 0.004675
537 0.004902
633 0.005062
630 0.004948
558 0.004731
515 0.004089
518 0.004613
531 0.004596
533 0.004641
518 0.004134
539 0.004474
687 0.004995
833 0.006446
866 0.006315
788 0.006906
693 0.005259
658 0.005272
641 0.004932
589 0.005487
552 0.004605
521 0.004577
513 0.004033
515 0.004658
501 0.004203
510 0.00419
644 0.00507
633 0.004494
757 0.006638
713 0.005484
696 0.005057
700 0.004882
705 0.005963
710 0.005473
718 0.005084
767 0.005635
806 0.005824
842 0.005591
827 0.005279
866 0.00525
1126 0.006892
1109 0.00719
1097 0.006767
1068 0.006371
1032 0.006514
986 0.006293
941 0.005791
925 0.005311
1101 0.006546
1235 0.00841
1127 0.009758
1042 0.007382
1110 0.008281
1001 0.00722
971 0.005616
952 0.006388
1002 0.006421
942 0.006278
890 0.005904
809 0.005226
888 0.005796
861 0.005477
922 0.005654
947 0.006176
1106 0.007967
1053 0.007746
931 0.006466
871 0.005832
866 0.005715
835 0.006125
787 0.005264
946 0.006415
884 0.005987
975 0.007952
917 0.006285
860 0.006484
791 0.006103
898 0.007044
820 0.006017
735 0.006061
825 0.006316
762 0.006147
760 0.005971
909 0.006732
858 0.006606
775 0.005768
835 0.007045
740 0.005443
686 0.004763
654 0.004784
614 0.004364
612 0.00462
764 0.005011
749 0.005097
708 0.005688
689 0.004629
801 0.006099
741 0.00567
691 0.005224
652 0.004879
637 0.004497
789 0.005575
820 0.005412
816 0.005583
825 0.005928
1023 0.006389
974 0.006626
906 0.005975
818 0.005921
717 0.005157
698 0.004991
677 0.004781
675 0.004688
812 0.005181
756 0.005409
680 0.005685
778 0.005553
690 0.00562
619 0.005089
597 0.004734
604 0.004605
646 0.004672
662 0.004448
671 0.004659
803 0.005831
796 0.00499
786 0.005167
794 0.00523
809 0.005556
805 0.00539
805 0.005483
820 0.005058
819 0.005369
996 0.006416
931 0.006378
890 0.005773
836 0.006754
846 0.005304
734 0.003943
876 0.006131
809 0.005966
757 0.005884
739 0.005611
691 0.004466
862 0.005761
891 0.006578
935 0.006634
899 0.006509
843 0.006018
937 0.007284
841 0.006061
696 0.005301
637 0.004876
579 0.003815
558 0.004617
654 0.005702
582 0.004814
559 0.004349
566 0.004553
567 0.004493
573 0.005267
533 0.00502
624 0.005372
624 0.004746
620 0.005089
629 0.004481
608 0.004718
780 0.005931
796 0.005169
812 0.005583
791 0.005301
734 0.005451
841 0.006579
776 0.005337
709 0.005636
714 0.00514
709 0.004872
718 0.005048
696 0.004813
681 0.004902
686 0.004645
637 0.004519
586 0.00425
553 0.004518
557 0.004089
714 0.005135
709 0.004816
665 0.004498
599 0.004377
543 0.00413
660 0.004969
619 0.004515
571 0.004283
669 0.005366
624 0.005776
608 0.005119
605 0.005049
621 0.004684
731 0.005532
701 0.00507
664 0.004651
643 0.00476
777 0.005496
752 0.005907
719 0.005196
699 0.00489
679 0.004874
840 0.006016
817 0.00566
788 0.005644
959 0.006539
908 0.006293
868 0.005994
888 0.005967
907 0.005819
875 0.005593
873 0.005643
1064 0.006997
1069 0.006682
1067 0.007287
1031 0.005907
1018 0.00626
971 0.005737
953 0.005602
915 0.005693
867 0.00547
793 0.005055
780 0.008768
792 0.004774
960 0.00589
924 0.007019
903 0.005654
951 0.005535
983 0.006167
964 0.005671
1120 0.007742
1163 0.007674
1091 0.007096
1080 0.006668
1050 0.006475
1235 0.007836
1212 0.007296
1207 0.007661
1046 0.006547
981 0.006114
941 0.005901
1078 0.006557
1040 0.005418
956 0.005104
1103 0.006592
1055 0.0064
893 0.005483
844 0.005497
977 0.006561
958 0.006158
918 0.00585
971 0.006002
849 0.005635
715 0.005685
679 0.004971
748 0.005065
636 0.004824
604 0.004397
637 0.004765
605 0.004264
556 0.004081
557 0.004508
562 0.004513
598 0.004201
610 0.003692
591 0.004158
560 0.004018
535 0.003909
525 0.003977
543 0.003758
563 0.004239
535 0.003841
566 0.004032
596 0.004359
650 0.004379
804 0.005122
941 0.006523
910 0.006787
854 0.005664
788 0.005154
712 0.007721
672 0.004791
832 0.006995
794 0.004632
769 0.005729
742 0.0055
673 0.005041
763 0.005347
721 0.00533
744 0.004795
753 0.004993
746 0.004779
726 0.004391
693 0.004809
676 0.004422
645 0.004121
648 0.004438
632 0.004845
598 0.004314
760 0.005442
768 0.005232
742 0.005342
720 0.005113
703 0.005015
679 0.004312
651 0.004649
768 0.005786
709 0.005625
631 0.004351
772 0.005912
762 0.0057
771 0.005418
769 0.005341
756 0.04157
917 0.006961
917 0.006077
943 0.007104
930 0.006125
883 0.006263
810 0.005738
754 0.005502
873 0.006055
801 0.006332
739 0.005315
664 0.005141
592 0.004262
558 0.004217
583 0.004551
743 0.005259
804 0.005349
840 0.005837
842 0.006343
809 0.005199
761 0.005049
759 0.0054
749 0.005071
715 0.004873
850 0.005566
766 0.005487
677 0.00506
622 0.004917
558 0.004557
620 0.004986
604 0.004442
567 0.004556
571 0.004127
539 0.004264
542 0.00409
569 0.004234
616 0.004748
782 0.005419
915 0.006448
898 0.006441
838 0.006539
780 0.005916
734 0.005271
717 0.00503
702 0.00509
661 0.004803
645 0.004819
654 0.004561
821 0.005932
801 0.00559
784 0.00527
951 0.006386
967 0.006878
958 0.006246
1059 0.006951
1023 0.006614
941 0.006504
850 0.00568
821 0.005623
843 0.005557
776 0.004942
676 0.004449
584 0.004372
529 0.004076
490 0.004054
466 0.003972
499 0.003565
488 0.004138
630 0.004644
657 0.004838
784 0.006115
765 0.005642
752 0.005604
734 0.005371
689 0.004884
652 0.004769
752 0.005882
735 0.005104
754 0.004891
725 0.004864
664 0.004763
804 0.005982
731 0.005572
725 0.005561
693 0.005091
642 0.004866
599 0.004377
606 0.004289
751 0.005446
730 0.005339
719 0.005156
696 0.005278
685 0.004945
676 0.004651
661 0.004664
632 0.004488
795 0.005604
795 0.006099
788 0.00556
777 0.005702
780 0.005226
759 0.005154
748 0.005232
695 0.004813
780 0.00554
632 0.004818
565 0.004247
521 0.004512
637 0.005125
629 0.005103
637 0.004999
626 0.004847
599 0.004522
513 0.004458
455 0.003912
407 0.003619
508 0.004574
507 0.004147
547 0.004185
609 0.004302
662 0.004595
670 0.004436
661 0.004575
651 0.004597
628 0.004525
784 0.00556
726 0.005545
672 0.004844
615 0.004578
568 0.004202
554 0.004705
590 0.004587
608 0.00452
641 0.004413
630 0.004241
627 0.004365
585 0.004656
739 0.005337
713 0.005236
653 0.004467
596 0.004454
529 0.004511
612 0.004859
585 0.004444
709 0.006192
734 0.005706
700 0.005296
680 0.00509
659 0.004853
690 0.004754
817 0.00536
893 0.006259
896 0.00602
903 0.007086
850 0.006412
777 0.00549
738 0.005327
859 0.006209
823 0.005349
833 0.005272
894 0.006056
886 0.005663
930 0.00576
903 0.005543
884 0.005305
887 0.005575
1105 0.006837
1070 0.006645
1001 0.006042
980 0.005927
964 0.006255
927 0.006049
892 0.006934
849 0.00504
763 0.004674
947 0.006539
884 0.005982
809 0.00552
748 0.005429
772 0.005409
782 0.005375
785 0.005317
763 0.005141
767 0.005127
755 0.004907
774 0.005385
785 0.004662
771 0.005235
774 0.00487
788 0.004879
790 0.004745
808 0.004748
787 0.004862
944 0.006408
813 0.005732
688 0.005307
628 0.004615
605 0.004776
582 0.00463
584 0.004622
701 0.005199
840 0.006402
857 0.006571
826 0.006141
810 0.005949
795 0.005633
789 0.005784
747 0.005839
728 0.005143
861 0.006154
825 0.005493
757 0.005224
678 0.004942
624 0.004756
647 0.004741
765 0.005738
736 0.005839
729 0.005357
856 0.006511
796 0.005992
746 0.005589
784 0.006003
734 0.005629
700 0.005337
664 0.005018
665 0.005246
656 0.004922
673 0.004895
638 0.00479
627 0.004777
599 0.004611
577 0.004425
567 0.004445
551 0.004388
