0.003196
0.0145
0.004181
0.01512
0.003644
0.01781
0.004261
0.02065
0.003564
0.02174
0.00377
0.01963
0.003443
0.01861
0.02104
0.02277
0.02053
0.01898
0.01924
0.02031
0.02046
0.01812
0.02035
0.02051
0.01978
0.02012
0.0174
0.003758
0.0232
0.02039
0.02129
0.02129
0.02033
0.01858
0.01969
0.01843
0.01772
0.01744
0.01752
0.01748
0.01729
0.01555
0.01658
0.01782
0.01873
0.01532
0.01482
0.01686
0.01833
0.01679
0.01732
0.01609
0.01633
0.01769
0.01863
0.01561
0.01822
0.01697
0.0164
0.01864
0.01948
0.01709
0.01968
0.02056
0.01787
0.01827
0.01698
0.01822
0.01828
0.018
0.01756
0.01649
0.01952
0.01883
0.0182
0.01792
0.01839
0.02
0.01751
0.003513
0.01483
0.01709
0.01905
0.01953
0.02125
0.003549
0.02026
0.02088
0.01865
0.02016
0.01982
0.01843
0.01814
0.02081
0.01864
0.01825
0.003444
0.01807
0.00398
0.01764
0.003313
0.01973
0.003515
0.01912
0.00344
0.0199
0.003455
0.01957
0.003518
0.01799
0.003507
0.01723
0.004099
0.0271
0.003447
0.02009
0.004805
0.02111
0.003668
0.02081
0.003305
0.01774
0.003431
0.01762
0.003381
0.01644
0.004356
0.01714
0.02117
0.01898
0.01844
0.0241
0.003641
0.02161
0.005115
0.02104
0.004183
0.0164
0.003425
0.01884
0.00341
0.01946
0.003493
0.02085
0.003563
0.01891
0.003824
0.02204
0.003791
0.01769
0.003528
0.02004
0.004688
0.01689
0.003464
0.02022
0.003423
0.01958
0.003407
0.0178
0.003419
0.0177
0.003413
0.01789
0.003452
0.02031
0.003423
0.0191
0.004409
0.01558
0.003274
0.01586
0.003311
0.016
0.00323
0.01544
0.004023
0.01887
0.003091
0.01672
0.01437
0.01599
0.01808
0.0212
0.02161
0.01692
0.02082
0.01582
0.01592
0.01671
0.01587
0.003317
0.02134
0.003469
0.01571
0.02325
0.02207
0.02026
0.01718
0.01597
0.01691
0.01775
0.01855
0.01774
0.01693
0.003547
0.01447
0.003801
0.01732
0.003094
0.01561
0.003102
0.01461
0.003163
0.01611
0.00828
0.01823
0.004228
0.01979
0.01864
0.01924
0.01866
0.01836
0.01743
0.01599
0.01449
0.01651
0.01949
0.01776
0.01502
0.01833
0.004464
0.01478
0.003004
0.01334
0.003046
0.01336
0.003083
0.01326
0.003798
0.01669
0.003302
0.01538
0.003196
0.01792
0.00324
0.01758
0.01848
0.01956
0.02341
0.02023
0.01678
0.01535
0.01752
0.01749
0.01741
0.01774
0.003426
0.01492
0.02234
0.003572
0.01527
0.005731
0.01428
0.00331
0.01615
0.003274
0.01728
0.00347
0.01897
0.00323
0.01744
0.003232
0.01758
0.003182
0.01448
0.01639
0.01716
0.02094
0.01906
0.02584
0.02217
0.01894
0.01997
0.02146
0.004392
0.0167
0.01607
0.0195
0.02082
0.02029
0.01999
0.02115
0.02072
0.02068
0.01708
0.01754
0.003388
0.01942
0.02433
0.0201
0.02115
0.01971
0.01649
0.01668
0.01771
0.0171
0.018
0.003461
0.01835
0.01575
0.01651
0.01643
0.01841
0.01797
0.01821
0.01759
0.02291
0.01935
0.02041
0.01942
0.01807
0.01624
0.01511
0.01885
0.01839
0.01866
0.01811
0.01747
0.01834
0.0155
0.01934
0.01572
0.004053
0.01604
0.003332
0.017
0.005021
0.01656
0.003316
0.01545
0.02078
0.003753
0.0203
0.003727
0.01999
0.0191
0.01907
0.02132
0.01791
0.01671
0.01697
0.01953
0.003399
0.01932
0.01853
0.01656
0.01792
0.01738
0.003432
0.01773
0.01885
0.0178
0.003511
0.01512
0.003214
0.0139
0.003278
0.01624
0.005744
0.01657
0.003347
0.01495
0.00326
0.01691
0.00823
0.01694
0.003389
0.01779
0.003363
0.003576
0.01634
0.005088
0.003953
0.01547
0.00319
0.002796
0.01524
0.003259
0.002759
0.01659
0.00328
0.02046
0.006236
0.0185
0.003314
0.002987
0.01978
0.003337
0.003404
0.01768
0.003385
0.005014
0.01736
0.003456
0.002985
0.02231
0.004317
0.0204
0.003503
0.01945
0.003468
0.02084
0.00557
0.02114
0.006834
0.02101
0.003548
0.01955
0.003386
0.01824
0.02163
0.02303
0.01856
0.02157
0.02182
0.02671
0.02289
0.02078
0.00374
0.02069
0.02038
0.003643
0.01742
0.003705
0.0189
0.003811
0.0169
0.005202
0.01938
0.003552
0.01906
0.003372
0.02019
0.003611
0.01844
0.01797
0.003763
0.02066
0.02315
0.003869
0.01883
0.02035
0.01756
0.017
0.01644
0.01588
0.01671
0.003418
0.01869
0.004319
0.01492
0.004344
0.01565
0.003491
0.02162
0.003342
0.01815
0.01898
0.003822
0.01852
0.003658
0.01803
0.01683
0.003607
0.02061
0.003812
0.02074
0.004704
0.01645
0.01628
0.01796
0.01893
0.01904
0.02073
0.003702
0.01649
0.003461
0.01776
0.003324
0.01728
0.003769
0.01556
0.003342
0.02029
0.003389
0.01904
0.003403
0.02408
0.003729
0.0188
0.003493
0.01749
0.004741
0.02046
0.003441
0.01871
0.00466
0.01769
0.006816
0.01911
0.003509
0.01776
0.003516
0.01698
0.003355
0.01843
0.003727
0.01578
0.003267
0.01726
0.003419
0.01895
0.0203
0.0223
0.02016
0.01897
0.02104
0.0195
0.01909
0.01788
0.01867
0.01752
0.01629
0.003292
0.01679
0.01735
0.003376
0.01737
0.003478
0.01744
0.003419
0.01665
0.00333
0.01898
0.003336
0.01771
0.003361
0.016
0.003429
0.01598
0.00334
0.01872
0.003303
0.0196
0.003345
0.01827
0.01676
0.01944
0.01811
0.01719
0.01638
0.01799
0.01968
0.004591
0.01823
0.01823
0.01818
0.01925
0.0195
0.01678
0.01649
0.01941
0.01629
0.01945
0.01894
0.005485
0.01946
0.003813
0.01749
0.003575
0.01746
0.02196
0.02306
0.02103
0.02076
0.01916
0.0185
0.01777
0.01818
0.01728
0.01899
0.01655
0.01951
0.01723
0.0168
0.01781
0.01691
0.01992
0.01972
0.0186
0.01783
0.01766
0.01936
0.01761
0.003429
0.0179
0.0183
0.01876
0.02121
0.0209
0.00368
0.01854
0.003729
0.01587
0.01839
0.01966
0.01857
0.01894
0.01957
0.01536
0.01794
0.01735
0.01758
0.02138
0.01924
0.01829
0.01861
0.01828
0.01883
0.01781
0.01755
0.01686
0.01651
0.01513
0.01745
0.01744
0.003573
0.01647
0.01645
0.003473
0.01508
0.01521
0.003605
0.01643
0.02153
0.02083
0.02202
0.02105
0.003706
0.02157
0.02008
0.01955
0.01766
0.02361
0.0205
0.01932
0.02176
0.01992
0.02013
0.01832
0.02016
0.003561
0.02186
0.02132
0.01798
0.01808
0.01773
0.01953
0.01799
0.01873
0.01956
0.003456
0.01818
0.01878
0.01995
0.003748
0.02147
0.01797
0.01903
0.004578
0.02068
0.01901
0.01878
0.01831
0.003765
0.01783
0.003649
0.02429
0.02068
0.02348
0.02221
0.02293
0.01903
0.01886
0.02118
0.02222
0.02173
0.02062
0.02173
0.004306
0.01651
0.0162
0.01613
0.02093
0.01897
0.02062
0.01918
0.01922
0.01874
0.02266
0.02155
0.01965
0.003722
0.01676
0.00343
0.02066
0.01726
0.003494
0.02195
0.003295
0.01703
0.01743
0.02128
0.02111
0.0204
0.01951
0.01943
0.01812
0.01805
0.01662
0.02069
0.003583
0.02113
0.01716
0.01798
0.003393
0.01615
0.01855
0.01892
0.02827
0.02632
0.02087
0.02056
0.01875
0.01647
0.01666
0.0184
0.01839
0.02222
0.003569
0.02242
0.02124
0.01893
0.004986
0.02307
0.005521
0.01981
0.00341
0.01809
0.004574
0.01791
0.005004
0.01859
0.003412
0.02004
0.004008
0.02124
0.003501
0.02264
0.003308
0.0379
0.00355
0.02007
0.006394
0.02078
0.003361
0.02008
0.003438
0.02039
0.003719
0.03048
0.004865
0.0272
0.004841
0.02564
0.005085
0.02831
0.008514
0.02082
0.003357
0.01756
0.003452
0.02036
0.003598
0.02158
0.003422
0.01784
0.003316
0.0216
0.003261
0.01626
0.004462
0.0207
0.003494
0.02099
0.004637
0.0221
0.009718
0.02351
0.003548
0.01939
0.003404
0.02589
0.00354
0.0204
0.004991
0.02273
0.007193
0.02435
0.005477
0.02036
0.003465
0.01995
0.003475
0.01795
0.00333
0.01747
0.009829
0.01872
0.003373
0.01627
0.00332
0.01677
0.003285
0.01829
0.003323
0.01979
0.003203
0.01728
0.003448
0.01805
0.006777
0.01811
0.00329
0.01752
0.003272
0.0179
0.02269
0.02668
0.02324
0.01979
0.01956
0.00336
0.01844
0.02252
0.01974
0.003608
0.01941
0.008068
0.02108
0.003417
0.01829
0.003462
0.0184
0.007114
0.02372
0.003398
0.02027
0.003377
0.02143
0.003446
0.02034
0.003633
0.02369
0.003619
0.02404
0.008171
0.02042
0.007065
0.02092
0.003571
0.01904
0.003423
0.01883
0.003477
0.01677
0.004928
0.02175
0.003535
0.02185
0.003525
0.01996
0.003941
0.02289
0.00345
0.02233
0.003335
0.01835
0.005111
0.02318
0.02136
0.004854
0.02188
0.003477
0.02918
0.003857
0.02327
0.003491
0.0223
0.003545
0.02225
0.003723
0.02359
0.003503
0.02414
0.003673
0.02073
0.0174
0.008
0.02067
0.003538
0.02141
0.003613
0.02008
0.004618
0.01951
0.005287
0.02302
0.02107
0.02348
0.0235
0.02346
0.0277
0.02314
0.003803
0.02079
0.01737
0.01677
0.01804
0.0177
0.01821
0.01822
0.01766
0.01914
0.01891
0.01829
0.01947
0.01832
0.02111
0.01822
0.01699
0.01766
0.003571
0.01938
0.003415
0.01789
0.02204
0.02212
0.02079
0.02075
0.004682
0.01691
0.003334
0.01579
0.003279
0.01867
0.003394
0.02301
0.003651
0.02336
0.003416
0.01934
0.00483
0.01832
0.006209
0.01976
0.01931
0.003919
0.02225
0.02104
0.02318
0.003342
0.01924
0.005206
0.02173
0.02078
0.003548
0.01899
0.003784
0.02398
0.02285
0.02118
0.02427
0.02318
0.003642
0.02255
0.003608
0.01992
0.00354
0.01863
0.003883
0.01995
0.007702
0.02101
0.01984
0.02231
0.003459
0.01723
0.006772
0.01974
0.003365
0.02078
0.003424
0.01867
0.007479
0.01999
0.00323
0.01951
0.003323
0.02068
0.02231
0.01799
0.01679
0.0204
0.02539
0.02502
0.02035
0.0273
0.004183
0.022
0.02353
0.01819
0.0194
0.02042
0.02322
0.02402
0.02035
0.02095
0.02233
0.02291
0.02385
0.0184
0.01846
0.02038
0.02618
0.00826
0.01947
0.0189
0.01976
0.01956
0.02339
0.02111
0.02053
0.01807
0.02299
0.01935
0.01963
0.02555
0.02733
0.02268
0.02324
0.02145
0.02181
0.02557
0.02412
0.01812
0.01759
0.02166
0.03293
0.02281
0.02087
0.01759
0.02347
0.01976
0.01878
0.02298
0.0215
0.02053
0.02
0.02293
0.01762
0.01736
0.01912
0.01707
0.02178
0.01717
0.005282
0.01782
0.003191
0.01713
0.01725
0.01771
0.02315
0.0248
0.02673
0.02252
0.02199
0.02759
0.0249
0.02434
0.02329
0.02645
0.004719
0.0247
0.02771
0.02316
0.02453
0.01967
0.02418
0.01035
0.02131
0.003208
0.0205
0.01899
0.01991
0.01814
0.01854
0.01965
0.01957
0.02377
0.02394
0.01913
0.02616
0.02567
0.02274
0.02039
0.02785
0.02464
0.02209
0.02024
0.0216
0.01745
0.0187
0.01893
0.02269
0.02352
0.02158
0.01903
0.02555
0.01773
0.02373
0.004386
0.02187
0.004812
0.02262
0.003171
0.01567
0.01747
0.003325
0.0208
0.003305
0.01661
0.003353
0.01569
0.004197
0.02139
0.003432
0.01929
0.003229
0.01986
0.003476
0.01751
0.008917
0.02179
0.004569
0.02269
0.004747
0.02279
0.003822
0.00341
0.03041
0.005992
0.00602
0.03186
0.003757
0.003199
0.02248
0.003869
0.003066
0.02575
0.003818
0.003307
0.02105
0.003682
0.003495
0.02217
0.003719
0.003282
0.02353
0.004449
0.005664
0.02579
0.00391
0.02378
0.004732
0.02233
0.005873
0.02533
0.003735
0.02338
0.003608
0.02247
0.003718
0.02214
0.003608
0.01814
0.005215
0.02193
0.003474
0.02064
0.003535
0.0219
0.003445
0.02058
0.003585
0.02355
0.003548
0.02412
0.003504
0.02346
0.003402
0.01884
0.005782
0.02284
0.003296
0.01829
0.00342
0.02125
0.01992
0.02089
0.00503
0.02366
0.0199
0.00365
0.01817
0.008024
0.01953
0.009645
0.02019
0.009454
0.01833
0.003633
0.01749
0.003644
0.02318
0.02225
0.004509
0.02361
0.003334
0.02026
0.0174
0.003541
0.02187
0.02462
0.003691
0.01897
0.0207
0.00346
0.0176
0.01769
0.003381
0.01804
0.01902
0.003359
0.01644
0.003337
0.02217
0.003255
0.01794
0.003206
0.0184
0.003322
0.01972
0.003472
0.02318
0.006088
0.02174
0.003473
0.01837
0.00677
0.02032
0.003671
0.02009
0.003552
0.02369
0.00382
0.02076
0.003878
0.02094
0.003792
0.02776
0.003722
0.02846
0.01001
0.0211
0.02078
0.003654
0.02103
0.003873
0.0226
0.003406
0.01835
0.003291
0.0188
0.008501
0.0184
0.009771
0.01769
0.005762
0.01946
0.003359
0.02106
0.003475
0.02342
0.01707
0.01904
0.006091
0.02542
0.02202
0.01659
0.02361
0.003498
0.02341
0.003454
0.02042
0.003384
0.01633
0.02369
0.003452
0.01927
0.02043
0.0189
0.02329
0.02642
0.003622
0.02482
0.003517
0.02097
0.01866
0.025
0.01848
0.02565
0.01788
0.01728
0.01711
0.01838
0.03084
0.02735
0.01737
0.01802
0.02183
0.02259
0.01682
0.01921
0.02104
0.01739
0.02
0.01778
0.02349
0.02285
0.02309
0.02766
0.003735
0.02081
0.02689
0.02108
0.003657
0.01948
0.02865
0.004313
0.02256
0.01873
0.0171
0.02083
0.02399
0.01754
0.02155
0.003412
0.02171
0.01957
0.02323
0.02456
0.0203
0.02249
0.02078
0.02271
0.02058
0.01809
0.02203
0.00339
0.02017
0.003297
0.01674
0.01808
0.003363
0.01755
0.01841
0.023
0.003614
0.02029
0.02039
0.02275
0.02687
0.02191
0.02247
0.02081
0.02131
0.02466
0.01835
0.02433
0.01961
0.02225
0.01846
0.02433
0.01869
0.01979
0.01842
0.02075
0.02017
0.02731
0.01706
0.0222
0.003402
0.02075
0.0243
0.003517
0.01894
0.02282
0.02524
0.00351
0.02154
0.02306
0.003475
0.01892
0.009289
0.02175
0.01806
0.01845
0.0219
0.02145
0.02314
0.02141
0.01814
0.02666
0.02171
0.02229
0.02823
0.02042
0.02139
0.02151
0.01893
0.02514
0.02531
0.02051
0.02648
0.02037
0.01972
0.02369
0.003448
0.02365
0.00356
0.02134
0.02218
0.01892
0.006375
0.01702
0.01985
0.02023
0.02194
0.0219
0.01912
0.02237
0.02431
0.02025
0.01998
0.02056
0.003487
0.01969
0.02055
0.00334
0.01662
0.02273
0.02405
0.02003
0.02191
0.02129
0.0189
0.02032
0.0186
0.01766
0.02053
0.003635
0.0217
0.005279
0.01947
0.003453
0.01831
0.003495
0.0174
0.007548
0.01895
0.003621
0.02353
0.003303
0.01954
0.004448
0.02467
0.004348
0.02967
0.008604
0.01946
0.003581
0.02249
0.003508
0.02512
0.003391
0.02201
0.00807
0.003113
0.02302
0.003344
0.00292
0.002804
0.02144
0.003405
0.003109
0.003596
0.002915
0.0221
0.009016
0.002954
0.002979
0.007616
0.02313
0.003661
0.006695
0.002989
0.002981
0.03036
0.003589
0.006413
0.02611
0.005371
0.00316
0.02677
0.003516
0.003109
0.02479
0.003353
0.02653
0.0071
0.02216
0.003337
0.02251
0.003247
0.01865
0.005793
0.02068
0.003187
0.01742
0.01858
0.02438
0.003456
0.01935
0.003286
0.02054
0.023
0.02552
0.02057
0.003513
0.02239
0.003427
0.01792
0.0193
0.02566
0.02196
0.004504
0.02257
0.02092
0.01834
0.02011
0.02085
0.01782
0.02208
0.02003
0.03073
0.02778
0.004872
0.02484
0.003275
0.0236
0.01762
0.01174
0.01885
0.0184
0.02018
0.018
0.003411
0.01957
0.01817
0.01977
0.01911
0.02032
0.01997
0.02574
0.01773
0.02664
0.02447
0.02301
0.02129
0.02592
0.02146
0.02269
0.02479
0.01764
0.01988
0.0175
0.01898
0.02331
0.01691
0.01717
0.02528
0.01821
0.01935
0.003994
0.01671
0.01932
0.003352
0.02476
0.02375
0.004352
0.02616
0.02079
0.01862
0.02007
0.02865
0.02197
0.01875
0.02315
0.02137
0.02197
0.02215
0.01824
0.02008
0.01906
0.0206
0.02547
0.01985
0.01983
0.018
0.02081
0.02
0.01879
0.01938
0.01813
0.02507
0.02396
0.003582
0.02413
0.003155
0.01711
0.02119
0.02533
0.02316
0.02722
0.02559
0.02127
0.02105
0.0273
0.02334
0.0202
0.02435
0.01879
0.01976
0.02101
0.0257
0.01935
0.02182
0.02492
0.02404
0.02131
0.01741
0.01923
0.02257
0.02146
0.02119
0.02601
0.02217
0.02025
0.01958
0.03119
0.02619
0.02181
0.01959
0.02233
0.02102
0.01858
0.02446
0.02549
0.01795
0.003295
0.01725
0.02268
0.02588
0.02014
0.02142
0.01953
0.01106
0.0204
0.02054
0.02589
0.0223
0.02127
0.02771
0.02514
0.02671
0.02032
0.01896
0.02679
0.02637
0.02565
0.02127
0.02378
0.01745
0.02105
0.02226
0.02054
0.01884
0.02676
0.01903
0.02749
0.02619
0.02666
0.0206
0.01992
0.0207
0.003274
0.01748
0.0204
0.01647
0.01871
0.02235
0.01877
0.02737
0.02599
0.004285
0.01793
0.003405
0.02289
0.02059
0.0194
0.0222
0.02319
0.003526
0.02685
0.003843
0.01782
0.005988
0.02488
0.02042
0.02753
0.02667
0.02121
0.01865
0.02052
0.01801
0.02003
0.01744
0.02051
0.02149
0.02696
0.005469
0.02078
0.003366
0.02029
0.003429
0.01752
0.009118
0.02343
0.005919
0.0214
0.003543
0.02323
0.003559
0.02526
0.004564
0.02822
0.005386
0.02667
0.004442
0.02583
0.007742
0.02685
0.005573
0.02145
0.003396
0.02459
0.003422
0.02148
0.009305
0.02818
0.004792
0.02781
0.004561
0.02211
0.003438
0.02171
0.003512
0.02102
0.003605
0.01933
0.0117
0.02234
0.004786
0.02375
0.003621
0.02493
0.003631
0.02328
0.00358
0.02639
0.004735
0.02861
0.00514
0.02506
0.003585
0.02762
0.01105
0.02448
0.003771
0.02661
0.003519
0.02263
0.003432
0.02434
0.00426
0.02454
0.00356
0.0237
0.006813
0.02296
0.003486
0.02411
0.01974
0.007222
0.02377
0.003455
0.02445
0.003579
0.02597
0.004793
0.02028
0.01415
0.02021
0.003602
0.03546
0.004417
0.03003
0.02423
0.02694
0.02818
0.01948
0.0267
0.01839
0.0324
0.02265
0.02295
0.03499
0.02206
0.0224
0.0193
0.05151
0.02093
0.01835
0.01757
0.01745
0.02516
0.02315
0.02322
0.004152
0.01823
0.0166
0.02512
0.003526
0.0235
0.01905
0.003438
0.02008
0.01878
0.02551
0.02114
0.01925
0.0205
0.01827
0.02019
0.02895
0.02919
0.02576
0.02437
0.02112
0.0293
0.02046
0.02546
0.01914
0.02256
0.02475
0.02055
0.02474
0.01937
0.02036
0.02604
0.0242
0.02163
0.02277
0.02421
0.02482
0.02204
0.02442
0.02193
0.01846
0.02566
0.02475
0.04474
0.02009
0.02111
0.01877
0.02241
0.01742
0.02427
0.0176
0.0281
0.0264
0.02206
0.02113
0.02691
0.02175
0.01857
0.02654
0.003658
0.01942
0.02134
0.003472
0.0171
0.006214
0.02393
0.01876
0.02808
0.003574
0.01871
0.02044
0.003641
0.01993
0.01853
0.02056
0.02345
0.02318
0.02151
0.02716
0.02877
0.02681
0.01982
0.003397
0.01762
0.02671
0.005138
0.02512
0.004791
0.02175
0.01935
0.003395
0.02169
0.02119
0.02794
0.02727
0.02654
0.02887
0.01358
0.02858
0.00958
0.02361
0.007147
0.0207
0.003472
0.02463
0.02041
0.02683
0.02628
0.02702
0.03177
0.02313
0.02174
0.02339
0.02613
0.0204
0.02938
0.02287
0.02312
0.02168
0.03042
0.004311
0.02337
0.0203
0.02106
0.02128
0.0219
0.02028
0.0267
0.02211
0.01892
0.02136
0.003786
0.02188
0.003754
0.02026
0.005024
0.01895
0.003315
0.01936
0.00935
0.02161
0.01052
0.02341
0.005356
0.02665
0.003995
0.022
0.003371
0.01961
0.003285
0.02208
0.003321
0.02492
0.004974
0.02694
0.01786
0.03009
0.0296
0.02749
0.02454
0.02031
0.02197
0.01937
0.0222
0.01898
0.01881
0.02016
0.003451
0.01818
0.008437
0.01724
0.004235
0.02259
0.003289
0.0208
0.003644
0.0198
0.003493
0.02545
0.003842
0.02676
0.003359
0.02223
0.003419
0.02767
0.004538
0.02539
0.003452
0.02945
0.003377
0.02277
0.00342
0.02901
0.009749
0.003026
0.021
0.003451
0.02911
0.007829
0.002911
0.02143
0.003407
0.02568
0.003634
0.003202
0.02558
0.00343
0.02533
0.01713
0.02308
0.003585
0.03073
0.00382
0.02284
0.003637
0.03015
0.008295
0.0231
0.004126
0.02102
0.003619
0.02967
0.003449
0.03775
0.01435
0.02748
0.003585
0.02714
0.004059
0.02445
0.003742
0.03123
0.02726
0.02903
0.03309
0.02275
0.03035
0.003593
0.03067
0.003379
0.02182
0.02667
0.02503
0.02925
0.02618
0.02463
0.02684
0.02276
0.02676
0.02221
0.02175
0.03067
0.0291
0.02613
0.02261
0.02479
0.02125
0.03209
0.03052
0.0228
0.02225
0.03182
0.02624
0.02892
0.02416
0.02099
0.02422
0.02069
0.02848
0.02693
0.02455
0.02674
0.02258
0.0213
0.02378
0.0202
0.02309
0.02068
0.02227
0.01934
0.02592
0.02888
0.02347
0.02392
0.02094
0.03209
0.02577
0.02224
0.0224
0.02009
0.03214
0.02584
0.01989
0.02258
0.02057
0.02178
0.02245
0.02283
0.02367
0.02731
0.02066
0.02818
0.02496
0.02761
0.02591
0.02167
0.02729
0.02113
0.023
0.02091
0.03357
0.02362
0.02586
0.02761
0.005008
0.0237
0.02691
0.02449
0.02992
0.0281
0.03031
0.02289
0.02567
0.005809
0.02923
0.01304
0.0247
0.0266
0.034
0.0233
0.02519
0.02143
0.02371
0.02454
0.02072
0.02708
0.02742
0.02013
0.02189
0.01909
0.02524
0.02683
0.01901
0.02213
0.004448
0.03025
0.02181
0.01993
0.02247
0.02075
0.01919
0.02309
0.02101
0.02253
0.0237
0.02721
0.02431
0.02261
0.02145
0.02057
0.02198
0.02255
0.02059
0.02296
0.02065
0.01985
0.02785
0.02221
0.0189
0.0274
0.02871
0.02396
0.0283
0.02574
0.02273
0.01912
0.02354
0.0203
0.02561
0.02064
0.02025
0.0283
0.03022
0.02652
0.02207
0.02813
0.02325
0.0227
0.02163
0.03053
0.02675
0.0313
0.02194
0.03015
0.03188
0.0246
0.02269
0.02903
0.003479
0.02282
0.00328
0.03062
0.01313
0.02947
0.01257
0.03122
0.00692
0.02585
0.005259
0.02595
0.01317
0.02689
0.003542
0.02239
0.009263
0.03073
0.003771
0.02166
0.003528
0.003038
0.02165
0.003499
0.003015
0.02072
0.01064
0.004278
0.003891
0.02756
0.01564
0.01448
0.03661
0.01499
0.002904
0.007363
0.02866
0.004878
0.002831
0.003035
0.007599
0.002685
0.002523
0.002501
0.004419
0.002586
0.002605
0.007652
0.002566
0.0114
0.002554
0.002506
0.002589
0.003378
0.002525
0.003172
0.002705
0.002472
0.002553
0.005681
0.002897
0.00261
0.004569
0.002556
0.002661
0.01036
0.002604
0.003568
0.002945
0.002734
0.01142
0.002717
0.003272
0.002758
0.002582
0.005565
0.002581
0.002526
0.002583
0.003071
0.002566
0.002619
0.002601
0.002703
0.008616
0.0026
0.008624
0.002599
0.003241
0.002533
0.002539
0.003213
0.009048
0.002655
0.002508
0.002565
0.005072
0.002577
0.002617
0.004106
0.002609
0.003322
0.002574
0.002801
0.002894
0.002572
0.00333
0.01117
0.002874
0.005668
0.002734
0.003511
0.007771
0.00278
0.03058
0.01095
0.003177
0.003033
0.0239
0.004874
0.003064
0.03044
0.00324
0.02204
0.003645
0.02295
0.003445
0.03153
0.003433
0.02467
0.003273
0.02652
0.03009
0.003404
0.02323
0.003455
0.0219
0.03125
0.03173
0.02875
0.005239
0.02498
0.02507
0.02355
0.03214
0.02473
0.02983
0.03023
0.0261
0.0246
0.02149
0.03232
0.02912
0.03048
0.03177
0.03189
0.02551
0.01979
0.003645
0.0215
0.02275
0.02093
0.02644
0.02154
0.0229
0.01997
0.0197
0.01942
0.01924
0.01963
0.01881
0.02868
0.02764
0.02367
0.02683
0.01985
0.02038
0.02376
0.03153
0.0297
0.02686
0.03642
0.02183
0.03051
0.03141
0.02146
0.02955
0.02257
0.003697
0.02381
0.02541
0.02379
0.02226
0.0231
0.03029
0.02495
0.02697
0.02221
0.02356
0.01983
0.02459
0.007911
0.02915
0.00473
0.0218
0.02421
0.02685
0.02942
0.03048
0.03102
0.04211
0.03033
0.03004
0.02612
0.02268
0.01942
0.03017
0.02536
0.03138
0.03168
0.003574
0.07572
0.02581
0.02448
0.02551
0.02344
0.03017
0.02448
0.02971
0.02797
0.0266
0.02537
0.02121
0.02307
0.0286
0.02642
0.02815
0.02762
0.02397
0.02389
0.0239
0.02861
0.03602
0.02611
0.02987
0.004965
0.02769
0.02856
0.02687
0.02929
0.02853
0.03035
0.0297
0.02816
0.02986
0.01927
0.02259
0.01935
0.02488
0.02127
0.02544
0.03304
0.02562
0.02246
0.02929
0.02238
0.02185
0.02008
0.0218
0.01959
0.02402
0.003579
0.0231
0.03049
0.003552
0.02259
0.02563
0.02995
0.0311
0.02655
0.003943
0.02516
0.02224
0.02497
0.02298
0.02862
0.02118
0.02181
0.01906
0.03284
0.01872
0.01372
0.0176
0.003327
0.02159
0.02154
0.02996
0.02462
0.02222
0.02891
0.0139
0.03082
0.02969
0.007764
0.02166
0.03375
0.03111
0.02242
0.0277
0.02165
0.02923
0.02146
0.02239
0.02604
0.003569
0.03168
0.02085
0.02407
0.02809
0.03134
0.03079
0.02104
0.02091
0.02181
0.03079
0.02898
0.02175
0.03334
0.02236
0.02386
0.02288
0.003652
0.02146
0.02339
0.003534
0.02797
0.0323
0.02244
0.0193
0.02034
0.02081
0.02205
0.03083
0.02953
0.02996
0.02177
0.019
0.02805
0.02138
0.01963
0.02347
0.02521
0.03032
0.02863
0.02018
0.02099
0.01977
0.02263
0.02179
0.02096
0.02738
0.02549
0.03058
0.02901
0.02976
0.03008
0.02703
0.02007
0.02013
0.02241
0.02266
0.02269
0.02763
0.02397
0.02148
0.02976
0.03315
0.02212
0.02661
0.02322
0.02557
0.02494
0.005739
0.03206
0.02728
0.0366
0.02702
0.0055
0.02526
0.02709
0.03198
0.007687
0.03002
0.02725
0.02987
0.03193
0.03305
0.02491
0.005017
0.02548
0.02203
0.03145
0.03133
0.03524
0.02373
0.025
0.03453
0.02496
0.02361
0.02951
0.02621
0.03029
0.03263
0.02295
0.02517
0.02862
0.03257
0.02953
0.03233
0.02195
0.02191
0.02316
0.02125
0.03009
0.02731
0.03208
0.03
0.03187
0.02244
0.02568
0.02707
0.02172
0.0261
0.0208
0.0236
0.02872
0.03033
0.03346
0.0348
0.03313
0.0247
0.02366
0.03137
0.0345
0.02112
0.03344
0.03298
0.01162
0.02801
0.01523
0.02042
0.02836
0.03146
0.02949
0.02381
0.02178
0.003779
0.02624
0.03328
0.0234
0.02334
0.02431
0.02193
0.02124
0.02848
0.02511
0.02972
0.02905
0.02994
0.03069
0.02901
0.03062
0.01152
0.03016
