0.0004422
0.0004118
0.001059
0.0004993
0.0006626
0.0004471
0.0004988
0.0004216
0.0005248
0.0004391
0.0004334
0.0004208
0.0005442
0.0009516
0.0005397
0.0004135
0.000679
0.000649
0.0005982
0.0005729
0.0005186
0.000483
0.0006339
0.0004641
0.0003848
0.0004562
0.001142
0.0006223
0.0003679
0.0003851
0.0003457
0.0003814
0.000731
0.0005536
0.0004412
0.0004543
0.0004012
0.000454
0.0003993
0.0003304
0.0007444
0.0006096
0.0002947
0.0004046
0.0004247
0.0003717
0.0004285
0.0004555
0.0004683
0.0003918
0.0003656
0.0004563
0.0004355
0.000469
0.0003978
0.0007818
0.0006376
0.0005275
0.0005573
0.0005462
0.0005264
0.0005973
0.0006561
0.0005095
0.0006453
0.0004853
0.0003408
0.0004417
0.00062
0.0004742
0.0004994
0.0004788
0.0006378
0.0004212
0.0004774
0.000619
0.0005068
0.0005426
0.0004563
0.0008721
0.0006286
0.0005399
0.0003806
0.000649
0.0008716
0.0004216
0.0005491
0.0005448
0.0005778
0.000572
0.0005259
0.0005566
0.0005065
0.0004709
0.000538
0.0005857
0.0005085
0.000576
0.0006671
0.0004662
0.0005902
0.0004293
0.0003975
0.0005133
0.000502
0.0004961
0.0005515
0.0005636
0.0004285
0.0003888
0.0004121
0.0004154
0.0007621
0.0004123
0.0004983
0.000402
0.0004143
0.0003951
0.0003905
0.0007722
0.0006458
0.0004238
0.0004113
0.0003631
0.0002989
0.0002889
0.0003056
0.000341
0.0003435
0.0002943
0.0003405
0.0003087
0.0003492
0.0003478
0.0003792
0.0003519
0.0003257
0.0004018
0.0003129
0.0003337
0.0003074
0.000335
0.0003235
0.0003424
0.0003177
0.0003536
0.000376
0.0003542
0.0003194
0.0003363
0.0008229
0.000318
0.0003953
0.0003103
0.000227
0.0002952
0.0002398
0.0003291
0.0002586
0.0003134
0.000469
0.0003615
0.0004058
0.0003044
0.000427
0.0003005
0.0002777
0.0002855
0.0003048
0.000382
0.0002682
0.00026
0.0002982
0.000261
0.00022
0.0002972
0.0002284
0.0004128
0.0004459
0.0003734
0.0003675
0.000328
0.0004508
0.0006402
0.0003758
0.0004465
0.0004438
0.0003576
0.0005017
0.0004431
0.0004006
0.0003274
0.0002759
0.0002959
0.0002387
0.0002541
0.0003478
0.000298
0.001276
0.0004225
0.000291
0.0003584
0.0003984
0.0004836
0.0003482
0.0006678
0.0005351
0.0004516
0.0004486
0.0004142
0.000367
0.0004134
0.0004114
0.0004919
0.0004049
0.000395
0.0005263
0.0005914
0.0003887
0.0003669
0.0004397
0.0003704
0.0005189
0.000474
0.0006241
0.0006597
0.0004154
0.000928
0.0003966
0.0005214
0.0005531
0.0003254
0.0004544
0.0003804
0.0003806
0.0003655
0.0003772
0.0006222
0.0004168
0.0009816
0.0003824
0.0003759
0.0003934
0.0003941
0.000308
0.0003119
0.0003871
0.000712
0.0003251
0.0003052
0.0004082
0.0002927
0.0004205
0.0003694
0.0003177
0.0003452
0.000409
0.0004803
0.0003747
0.0004286
0.0005038
0.0004268
0.0008877
0.0004003
0.00042
0.0004405
0.0003662
0.0004528
0.0007912
0.0003676
0.0004009
0.0003315
0.0008163
0.0003707
0.0002733
0.0003147
0.0003454
0.0004272
0.0002804
0.0008755
0.000401
0.0005951
0.001076
0.0004438
0.000413
0.0004329
0.0006981
0.0004352
0.0004743
0.000668
0.0004674
0.0004295
0.0004188
0.0006378
0.0004763
0.0005026
0.0005655
0.001092
0.000565
0.000587
0.0006579
0.0004244
0.0005582
0.0005024
0.0004947
0.0005552
0.0005562
0.0005236
0.0004946
0.0004626
0.0004507
0.0004385
0.0005891
0.0004252
0.000414
0.00062
0.001024
0.0003723
0.0004034
0.0006393
0.0003433
0.0003778
0.0003158
0.0003522
0.000379
0.000377
0.0003335
0.000332
0.0003681
0.0003375
0.0003051
0.0003434
0.0003623
0.0003848
0.0003901
0.0004368
0.0004273
0.0004326
0.0004352
0.0003543
0.0003313
0.0003155
0.0003287
0.000375
0.0004445
0.0004552
0.0005188
0.0004081
0.0003264
0.0003281
0.0004473
0.0009758
0.0004731
0.000419
0.0003659
0.0003835
0.0004139
0.0004186
0.0004947
0.0004256
0.0003738
0.001032
0.0003567
0.0003618
0.0003655
0.0004374
0.0004844
0.0004701
0.0004243
0.0004136
0.0003461
0.0003187
0.0003708
0.0003801
0.0004917
0.0003445
0.0003521
0.0003163
0.000319
0.0003541
0.0003272
0.0003353
0.0003733
0.000354
0.000336
0.000417
0.0005621
0.0003353
0.0003989
0.0004202
0.0004263
0.0003709
0.0003679
0.000379
0.0004495
0.0004305
0.0004269
0.0004399
0.000441
0.0004222
0.0004102
0.0004059
0.0004346
0.0003586
0.0004011
0.0003656
0.0003551
0.0003533
0.0003607
0.0004829
0.0004937
0.0004197
0.0003983
0.0004437
0.0003884
0.0003176
0.0003112
0.0003621
0.0003753
0.0003524
0.0003501
0.0003497
0.0004223
0.0004572
0.0003674
0.0004578
0.0003409
0.0007098
0.0003563
0.0004568
0.0003332
0.0004543
0.0003171
0.0003426
0.000461
0.0006159
0.0004501
0.0004234
0.0003232
0.0003942
0.0003834
0.0004231
0.0006057
0.0006591
0.0003715
0.0002685
0.0003131
0.0005658
0.0005792
0.0004418
0.0006782
0.0006798
0.000376
0.0005542
0.0005849
0.0004371
0.0004223
0.0006246
0.0003124
0.0006604
0.0008814
0.0003865
0.0005787
0.0004769
0.0003426
0.0004953
0.000462
0.0005084
0.0004998
0.0005233
0.0007013
0.0004106
0.0004577
0.0004736
0.0005546
0.0006986
0.00052
0.0005782
0.0003377
0.0004879
0.0005891
0.0008067
0.0003945
0.0003912
0.0003891
0.0003926
0.0003591
0.0004528
0.0003705
0.000383
0.0008709
0.0004416
0.0005104
0.0006623
0.0004293
0.0006627
0.0009629
0.0008971
0.0005916
0.0004299
0.0006323
0.000471
0.0007707
0.0007432
0.0005478
0.0006514
0.0004045
0.0003741
0.0005364
0.0006731
0.0004479
0.0004209
0.0008822
0.0006616
0.0003089
0.0003041
0.0003297
0.0005036
0.0005687
0.0008327
0.0005709
0.0004385
0.000771
0.0005843
0.0005883
0.0005101
0.0003136
0.0003263
0.0003716
0.0005956
0.0004324
0.0007182
0.000416
0.0004498
0.0003786
0.0003374
0.0005287
0.0003408
0.0004897
0.0003174
0.0005082
0.0003272
0.0005426
0.000585
0.0003655
0.0004514
0.0005113
0.0005617
0.0005896
0.0003398
0.000547
0.0004128
0.0004271
0.0004352
0.0003362
0.000402
0.0004004
0.0005742
0.0004681
0.0005316
0.0004521
0.0007471
0.0003975
0.0004251
0.0004897
0.0004265
0.0006041
0.0006766
0.001265
0.0005859
0.0007699
0.0005246
0.0007793
0.001019
0.000954
0.001137
0.0008613
0.0004734
0.0004258
0.0004622
0.0004711
0.0004856
0.0005323
0.0004054
0.0004206
0.0004715
0.0004552
0.0004862
0.0004134
0.000508
0.0004008
0.0003928
0.0003988
0.0003759
0.0004758
0.0003787
0.000462
0.0003403
0.0003085
0.0003008
0.0005369
0.0003195
0.0003972
0.0003033
0.0002976
0.0003313
0.0002912
0.0006084
0.000493
0.000897
0.0003818
0.0004039
0.000324
0.0005021
0.0004163
0.0004365
0.000367
0.0004812
0.0004878
0.0004709
0.0004121
0.0003955
0.000444
0.0004381
0.0004547
0.0004
0.0003851
0.0003913
0.0003993
0.0004017
0.0004563
0.0009564
0.0004211
0.0005154
0.0003988
0.0003938
0.0003784
0.0003776
0.0003749
0.0006267
0.0008
0.000581
0.0004167
0.0004054
0.0005195
0.0007809
0.0003551
0.0003911
0.0003727
0.0003745
0.0003924
0.0003384
0.001028
0.0003838
0.0004153
0.0003941
0.0004841
0.0003525
0.0003289
0.0003232
0.0003128
0.0003583
0.0003331
0.000303
0.0003041
0.0003188
0.0003163
0.0003059
0.0003607
0.0003375
0.0003975
0.0003157
0.0002983
0.0003861
0.0003649
0.0003392
0.000423
0.0005149
0.0004892
0.0004362
0.0005107
0.0003645
0.0003001
0.0004215
0.0004432
0.0007472
0.0003477
0.0003048
0.000294
0.0003621
0.0004163
0.000435
0.0003546
0.0003366
0.000401
0.0004692
0.0004206
0.0004725
0.0005725
0.0004797
0.0004301
0.0005054
0.0005873
0.0003824
0.0005626
0.000365
0.0004253
0.0004619
0.0006438
0.000424
0.0004835
0.000443
0.0003251
0.0004373
0.0004125
0.0004447
0.0004603
0.0004347
0.0004079
0.0004607
0.0004136
0.000501
0.0006355
0.0006737
0.0006365
0.0003334
0.0004235
0.0004564
0.0004515
0.0003944
0.000499
0.0003026
0.0004419
0.0004131
0.0004496
0.0003354
0.000408
0.0003109
0.0005052
0.000397
0.0003151
0.0004002
0.0006415
0.0004961
0.0005149
0.0005067
0.0004474
0.0004419
0.0004305
0.0003732
0.0004547
0.0006865
0.0004497
0.000554
0.0005149
0.0003781
0.0004346
0.000579
0.0004151
0.0003052
0.0003644
0.0004056
0.0004636
0.0003477
0.0004102
0.0003559
0.0003544
0.0004203
0.0004595
0.0005844
0.0004882
0.0004137
0.0004241
0.0004215
0.0003894
0.0004098
0.0004669
0.0003997
0.0005525
0.0004591
0.0002815
0.0003904
0.0003024
0.000512
0.0006045
0.0005415
0.0005812
0.0004625
0.0004808
0.0005183
0.0004254
0.0004446
0.0006555
0.0005056
0.0006329
0.00069
0.0005044
0.0003866
0.0003942
0.0004298
0.0004339
0.0003156
0.0003061
0.0004563
0.0006259
0.0004213
0.000372
0.0005622
0.0003532
0.0004076
0.0004129
0.0004857
0.0008321
0.0003464
0.0004767
0.0004856
0.000726
0.0005344
0.0004911
0.0004555
0.0004154
0.0004007
0.0003648
0.0003657
0.0003405
0.000298
0.0003599
0.0003762
0.0002794
0.0003738
0.0004048
0.0003963
0.0003419
0.0004332
0.0004276
0.0003682
0.0005553
0.0005156
0.0004208
0.0003652
0.0004625
0.001193
0.0005579
0.0004765
0.0008529
0.0004541
0.0004874
0.0008842
0.0006027
0.0007963
0.0004996
0.001089
0.0004499
0.00043
0.001779
0.0006274
0.001249
0.0005053
0.0007037
0.0005665
0.0003409
0.0005535
0.0003551
0.0003906
0.0004768
0.0003504
0.0003671
0.0003719
0.0003767
0.0003745
0.0004015
0.0004388
0.0003689
0.000329
0.0002901
0.0004487
0.0003061
0.000297
0.0002978
0.0003338
0.0003563
0.0003754
0.0002857
0.0003118
0.0005492
0.0003143
0.0002731
0.0002912
0.0002788
0.0003959
0.0002551
0.0003011
0.0003472
0.000279
0.0002796
0.0002864
0.0003285
0.0003641
0.0005274
0.0003369
0.0003624
0.0004419
0.0005242
0.0005349
0.0005258
0.0004712
0.0004519
0.0004564
0.0004002
0.0003535
0.0005341
0.0003669
0.0003539
0.0003665
0.0003443
0.0003448
0.000323
0.0003294
0.0003344
0.0003888
0.0003376
0.0002988
0.0003001
0.00037
0.0003437
0.0003539
0.0002935
0.0003822
0.0003467
0.0008263
0.0003795
0.0003792
0.0003617
0.0003743
0.0003969
0.0004392
0.0004129
0.0004235
0.0003791
0.0003551
0.0003252
0.0003147
0.0004211
0.001931
0.0003923
0.0002592
0.0004362
0.0003113
0.0003312
0.0003253
0.000668
0.000394
0.0002804
0.000531
0.000279
0.0003197
0.0004779
0.0008016
0.0004357
0.0004592
0.0003232
0.0004608
0.000421
0.0006047
0.0004259
0.0004328
0.000511
0.001251
0.0003976
0.000706
0.0003077
0.0003013
0.0003849
0.0005553
0.0004965
0.0003773
0.0004482
0.0004017
0.0003898
0.0003514
0.0003209
0.000361
0.0003834
0.0004282
0.0004224
0.0003626
0.000378
0.0005168
0.0005328
0.0003905
0.0004715
0.0004712
0.0005477
0.0005714
0.0004841
0.0003837
0.0004364
0.0005065
0.0003531
0.0003689
0.000582
0.0005418
0.0003414
0.0004243
0.0004637
0.0002992
0.0004121
0.0003058
0.0003261
0.0003285
0.001234
0.000392
0.0005876
0.0004626
0.0003889
0.0004058
0.0006919
0.0007742
0.0003439
0.0005679
0.0004486
0.0007114
0.0008892
0.0004404
0.0004016
0.0003696
0.0005954
0.0005593
0.0006715
0.0008191
0.0005996
0.0006057
0.0003625
0.0004441
0.0004146
0.0004334
0.0004939
0.0006568
0.0004504
0.0004238
0.0005369
0.0004193
0.0005258
0.0004146
0.0004001
0.0005198
0.0004137
0.0004647
0.0003626
0.0004612
0.0005045
0.0003259
0.0004203
0.000333
0.0003437
0.000349
0.0003294
0.000462
0.0005043
0.0002845
0.0003568
0.0004343
0.0004177
0.0003396
0.0004234
0.0007969
0.0004107
0.0003224
0.0003546
0.0004036
0.0005141
0.0006395
0.0004357
0.0004576
0.000394
0.0003662
0.0006106
0.0009338
0.001206
0.0005468
0.0005013
0.0007183
0.0006623
0.001243
0.0006107
0.0005942
0.0006964
0.0008778
0.0005552
0.000786
0.0004404
0.0006227
0.000527
0.0003932
0.0005291
0.0004727
0.0004424
0.0003923
0.0003743
0.0005407
0.0004046
0.000343
0.0003405
0.000332
0.0003568
0.0003526
0.0003509
0.0004813
0.0004398
0.0003152
0.0005972
0.0003106
0.0003265
0.0003913
0.0003918
0.0004044
0.0004391
0.0004753
0.0004338
0.0009625
0.0003373
0.0002838
0.0002961
0.0002914
0.0003938
0.0003219
0.000405
0.0003536
0.0003894
0.0003947
0.0003464
0.0006468
0.0003317
0.0003767
0.0003405
0.0002812
0.0002905
0.0005137
0.0006117
0.0004697
0.0003949
0.0003413
0.0002324
0.0002829
0.0003571
0.0003134
0.0002772
0.0002708
0.0002882
0.0003024
0.0003024
0.0005381
0.0004172
0.0004608
0.0003189
0.0009376
0.0003338
0.0004735
0.0004851
0.0004986
0.0003906
0.0004288
0.0005148
0.000738
0.0004919
0.0004816
0.00074
0.0004998
0.0004127
0.0004592
0.0004113
0.0002688
0.000325
0.000392
0.000411
0.0002942
0.0004192
0.0003628
0.0003029
0.00036
0.000397
0.0003655
0.0004074
0.0004238
0.000592
0.0006644
0.0005428
0.0007839
0.0005245
0.0003708
0.0005875
0.0005335
0.0005527
0.000397
0.0003267
0.0004613
0.000401
0.0005456
0.0005463
0.0003799
0.0004314
0.0003511
0.0004264
0.0003355
0.0004106
0.0004789
0.00038
0.0004681
0.0004308
0.0005168
0.0006408
0.0003507
0.0004095
0.0005209
0.0003144
0.0004273
0.0005009
0.0004057
0.0005418
0.0003788
0.000478
0.0003693
0.0003163
0.0003326
0.0003807
0.0004603
0.0004271
0.0006328
0.0004211
0.0004139
0.0004825
0.000476
0.0004954
0.0004822
0.0004831
0.0003923
0.0004005
0.0004274
0.0003954
0.0004585
0.0004401
0.0004709
0.000362
0.0003925
0.0003473
0.0006798
0.000332
0.0003091
0.0003445
0.0003791
0.0002884
0.0004267
0.0003868
0.0005059
0.0004096
0.000394
0.0003611
0.000252
0.0003496
0.0003219
0.0002823
0.0004096
0.0003626
0.0003213
0.000445
0.0004539
0.0004597
0.0004699
0.0003682
0.0004235
0.0005844
0.0003607
0.0004046
0.0004698
0.0003137
0.0004771
0.000384
0.00033
0.000323
0.0003102
0.0003662
0.000302
0.0004924
0.0008162
0.0008968
0.0006712
0.0009338
0.0005621
0.0004895
0.0005835
0.0005515
0.0005963
0.0004288
0.000827
0.0006074
0.0005563
0.000474
0.0004304
0.0005355
0.0005126
0.0006582
0.0004444
0.0005835
0.0006821
0.0006381
0.000559
0.0005982
0.0005457
0.0006446
0.0005421
0.0006093
0.0007273
0.0005002
0.00047
0.0005085
0.0004775
0.0007096
0.0004612
0.0005664
0.0004651
0.0003994
0.0004048
0.0003883
0.0003738
0.0003486
0.0005284
0.0004036
0.0004251
0.0003086
0.0003576
0.0002889
0.0004197
0.0003203
0.0003025
0.0002626
0.0002611
0.0003516
0.0002977
0.0002702
0.0002471
0.0002365
0.0003058
0.0002517
0.0002515
0.0003704
0.0002638
0.0002054
0.0002753
0.0002481
0.0002057
0.0002404
0.0002182
0.0002142
0.0003271
0.0005573
0.0005407
0.0003682
0.0003491
0.0002516
0.0002949
0.0002668
0.0002779
0.000237
0.0002793
0.0003564
0.0003633
0.0003772
0.0003852
0.0006159
0.0004797
0.0006172
0.0002839
0.0003345
0.0003033
0.0003935
0.00029
0.0003016
0.0003932
0.0004044
0.000393
0.0008008
0.0003824
0.0003174
0.0002956
0.0003881
0.000338
0.0003519
0.0004947
0.0003132
0.0003916
0.0004698
0.001102
0.0005262
0.0004151
0.0002962
0.0002905
0.000307
0.0003579
0.0002791
0.0002763
0.0002771
0.0003482
0.0003227
0.0002942
0.0003067
0.0002787
0.0002973
0.0003698
0.000465
0.0002621
0.0002758
0.000287
0.0002872
0.0002541
0.0002954
0.0002675
0.0003534
0.0003596
0.0003847
0.0003704
0.0005064
0.0003169
0.0005129
0.0003916
0.0003035
0.0003338
0.0003853
0.0002729
0.0002697
0.0003138
0.0004296
0.0003742
0.0004697
0.0003668
0.0003936
0.0005802
0.0003949
0.0004904
0.0004388
0.0004083
0.0004157
0.0005372
0.0005153
0.0005778
0.0004232
0.0004841
0.0003734
0.0005171
0.0005086
0.0004792
0.000506
0.0003775
0.0004011
0.0006527
0.0005883
0.000884
0.0004351
0.001228
0.000343
0.0003275
0.0005628
0.0002979
0.0002938
0.0002481
0.0002305
0.0003264
0.0004419
0.0002202
0.0002905
0.0003365
0.0003752
0.0003698
0.0002324
0.0005104
0.000402
0.0002565
0.0002609
0.0002839
0.0003499
0.0003832
0.0004661
0.000378
0.0004061
0.0004087
0.0004345
0.0003777
0.0002761
0.000272
0.0002694
0.0002538
0.0003066
0.000489
0.0004794
0.0003276
0.0005827
0.0004063
0.0003489
0.0005432
0.001245
0.000447
0.0004761
0.001046
0.001058
0.0008015
0.0006711
0.0007738
0.001001
0.0006467
0.0005013
0.0004901
0.0004988
0.0005886
0.0005209
0.001225
0.0007328
0.0008831
0.000655
0.0007514
0.0004509
0.0004584
0.0005632
0.0004616
0.0005022
0.0004504
0.0004532
0.0003828
0.0004031
0.0005524
0.0004313
0.0004683
0.001225
0.0005166
0.0004453
0.0004364
0.0004452
0.0003985
0.0003858
0.0004235
0.000499
0.0004092
0.0003867
0.0004682
0.000422
0.0004908
0.0003641
0.0005125
0.0004592
0.0003589
0.0004727
0.0004323
0.0004041
0.0004457
0.0003476
0.0004426
0.0005358
0.000408
0.0002882
0.0004119
0.0003614
0.0005264
0.000539
0.0004047
0.0003548
0.0003898
0.0004259
0.0004633
0.000381
0.0003134
0.0004406
0.0005788
0.0004572
0.0005251
0.0005097
0.0004271
0.0004307
0.0004132
0.0004424
0.0003527
0.0003301
0.0004357
0.0003558
0.0008879
0.0003275
0.0005248
0.0003223
0.000336
0.0005252
0.0003176
0.0004301
0.0003701
0.0006353
0.0005098
0.0004117
0.0003392
0.0003577
0.0003888
0.0004867
0.0004952
0.0005386
0.0005706
0.0009926
0.0005436
0.000575
0.0004688
0.0003723
0.000387
0.0004111
0.0004337
0.0004925
0.0004033
0.0005304
0.0005671
0.0007428
0.0004343
0.0004509
0.0004161
0.001053
0.0004703
0.0003278
0.0005548
0.0003348
0.0004321
0.0003165
0.0003433
0.000352
0.0003384
0.0004289
0.0003522
0.0003311
0.0003719
0.0003241
0.0005085
0.0003267
0.0004536
0.0003741
0.0003871
0.0003796
0.0003322
0.0003484
0.0004197
0.0003486
0.0003286
0.0004137
0.0006269
0.0004174
0.000483
0.0005845
0.0005435
0.0003855
0.0003258
0.0005021
0.0004637
0.0003487
0.0005015
0.0003598
0.0003196
0.0003428
0.0003901
0.0002945
0.0002685
0.0005131
0.0003496
0.0004337
0.0004172
0.0004367
0.0003837
0.0004112
0.0006545
0.0007918
0.0006589
0.0004165
0.0003288
0.0006531
0.0004501
0.0003632
0.0004051
0.0003902
0.0006466
0.0004647
0.0004883
0.0005567
0.0003959
0.0004164
0.000556
0.0007794
0.0005725
0.000637
0.0006156
0.0006993
0.0006722
0.0008065
0.0005323
0.0004291
0.0006971
0.0005162
0.0006637
0.0003744
0.0005257
0.0004966
0.0004995
0.0007499
0.000483
0.0003832
0.0005449
0.000508
0.0005299
0.0005827
0.000763
0.0005821
0.0004742
0.000538
0.0004336
0.0005316
0.0004728
0.0004841
0.0005204
0.0004902
0.0004508
0.0004306
0.0004488
0.000473
0.0004565
0.0004209
0.0006616
0.0004262
0.0003373
0.0002896
0.0003838
0.0003527
0.000307
0.0004679
0.0002696
0.0003862
0.0002977
0.0003435
0.000358
0.0003035
0.0002821
0.0003087
0.0003555
0.0003421
0.0003586
0.0002919
0.0002986
0.0004074
0.0004356
0.0006289
0.0004004
0.0004815
0.0003579
0.0003627
0.0005337
0.000424
0.0004899
0.0003937
0.0005754
0.0006199
0.0005472
0.0003424
0.0003391
0.0004477
0.0003618
0.0003449
0.0004512
0.0003462
0.0004952
0.0004256
0.0005586
0.0005519
0.0003472
0.0004414
0.0004043
0.0003354
0.0003674
0.0003547
0.0003556
0.0004294
0.0004165
0.0003852
0.0004289
0.0004528
0.0004706
0.0006078
0.0005051
0.0006646
0.0004315
0.0004552
0.0004636
0.0005062
0.0004043
0.0003956
0.0003846
0.0003884
0.0003748
0.0004491
0.0003951
0.0003419
0.0002798
0.0003427
0.0004345
0.0004652
0.0004151
0.0004711
0.0004868
0.0003995
0.0006155
0.0006546
0.0004377
0.0004963
0.0003985
0.0003866
0.0003307
0.0002538
0.0003127
0.000345
0.0002991
0.0003161
0.0003768
0.0003806
0.0003189
0.0003961
0.0003892
0.0004905
0.0004616
0.000468
0.0003336
0.0004401
0.000326
0.0004018
0.0002964
0.0003398
0.0003966
0.0004239
0.0004134
0.0006191
0.0006609
0.0005867
0.0006983
0.0006203
0.0005858
0.0004135
0.0003899
0.0003887
0.0004609
0.0003614
0.0003268
0.0003833
0.000275
0.0002642
0.0003181
0.0003226
0.0003215
0.0003181
0.0004024
0.000449
0.0004459
0.0005594
0.0003944
0.0003521
0.0003797
0.0007094
0.0006349
0.0003572
0.0003759
0.0004178
0.00042
0.0003263
0.0005601
0.0006255
0.0003573
0.0002807
0.000309
0.0003974
0.0003461
0.0003362
0.0003412
0.0003835
0.0003991
0.0004049
0.0004043
0.0004416
0.0004445
0.0004703
0.0004317
0.000451
0.0004541
0.000638
0.0005389
0.0004149
0.0003091
0.0003629
0.0002688
0.0003835
0.0003547
0.0004685
0.0003896
0.0003535
0.0003305
0.0002376
0.0002193
0.0003729
0.000328
0.0003062
0.0003503
0.0004313
0.0004206
0.0003535
0.0003274
0.0004082
0.0005004
0.0005663
0.000687
0.0004916
0.0003657
0.000315
0.0003986
0.0003606
0.0003159
0.0003339
0.0003811
0.000402
0.0007683
0.0003699
0.0004163
0.0005231
0.000536
0.0002675
0.0003649
0.0003901
0.0004245
0.0003269
0.0004113
0.000411
0.0004012
0.0004013
0.0005799
0.0004086
0.0004774
0.0003816
0.0006061
0.0004375
0.0003447
0.0004448
0.00044
0.0004931
0.0006548
0.0005248
0.0003625
0.0004023
0.0005129
0.0008833
0.0006119
0.0006584
0.0005126
0.0005398
0.0004954
0.0004881
0.0003925
0.0003568
0.0004048
0.0004258
0.0003709
0.0006442
0.0005697
0.000837
0.000422
0.0008594
0.000645
0.0004898
0.0005017
0.0004064
0.0007709
0.0005765
0.0004509
0.0004797
0.0005977
0.0004388
0.0004453
0.0004615
0.0003556
0.0004829
0.0003961
0.0003537
0.0003614
0.000408
0.0004327
0.0004191
0.0003994
0.000457
0.0003837
0.0004928
0.0005143
0.000417
0.0003882
0.0003515
0.0003062
0.0003527
0.0004086
0.0006602
0.0004628
0.0003579
0.0003762
0.0003625
0.0004224
0.000534
0.0006531
0.0005318
0.0003278
0.0004184
0.000539
0.0003382
0.0006001
0.0003351
0.0004942
0.0003358
0.0003237
0.0002926
0.0002725
